module	gene_symbol
module_01	AAGAB
module_01	AAMDC
module_01	AARS1
module_01	AASDHPPT
module_01	ABCF3
module_01	ABHD10
module_01	ABHD4
module_01	ABHD5
module_01	ACADM
module_01	ACADSB
module_01	ACADVL
module_01	ACAT1
module_01	ACAT2
module_01	ACBD6
module_01	ACOT8
module_01	ACSF2
module_01	ACTN1
module_01	ACTN4
module_01	ADAM11
module_01	ADD2
module_01	ADGRF1
module_01	ADH5
module_01	ADH6
module_01	ADIPOQ
module_01	ADK
module_01	AGAP2
module_01	AGFG1
module_01	AGFG2
module_01	AGO1
module_01	AGR2
module_01	AHCYL1
module_01	AIDA
module_01	AIFM1
module_01	AIP
module_01	AKIRIN2
module_01	AKR7A2
module_01	AKT1
module_01	AKT1S1
module_01	AKT2
module_01	AKT3
module_01	ALDH1A3
module_01	ALDH5A1
module_01	ALDH6A1
module_01	ALG2
module_01	ALKBH3
module_01	AMOT
module_01	AMT
module_01	ANG
module_01	ANKRD16
module_01	ANKRD2
module_01	ANKRD40
module_01	ANKRD54
module_01	ANP32A
module_01	ANXA4
module_01	ANXA5
module_01	AP1AR
module_01	AP1G2
module_01	AP1S2
module_01	AP2B1
module_01	APOBEC3G
module_01	APRT
module_01	ARF3
module_01	ARF4
module_01	ARF6
module_01	ARFGAP2
module_01	ARFIP1
module_01	ARHGAP25
module_01	ARHGAP5
module_01	ARHGEF1
module_01	ARHGEF10
module_01	ARL1
module_01	ARL11
module_01	ARL2BP
module_01	ARL3
module_01	ARL8A
module_01	ARL8B
module_01	ARMC3
module_01	ARMC8
module_01	ARNT
module_01	ARPC1B
module_01	ARPC2
module_01	ARPC5
module_01	ARPP19
module_01	ARRB1
module_01	ASAP3
module_01	ASMTL
module_01	ASPSCR1
module_01	ATE1
module_01	ATG4C
module_01	ATIC
module_01	ATL3
module_01	ATP5F1B
module_01	ATP5IF1
module_01	ATP5MF
module_01	ATP5PO
module_01	ATP6V1C1
module_01	ATP6V1C2
module_01	ATXN10
module_01	B3GLCT
module_01	B4GALT7
module_01	BAD
module_01	BAG2
module_01	BAG6
module_01	BCAT2
module_01	BCL10
module_01	BCL2L1
module_01	BDNF
module_01	BID
module_01	BLOC1S1
module_01	BOLA3
module_01	BPHL
module_01	BRAF
module_01	BTG1
module_01	BTK
module_01	C11orf68
module_01	C11orf87
module_01	C15orf40
module_01	C1orf198
module_01	C2CD2L
module_01	C3orf18
module_01	C5orf46
module_01	CA13
module_01	CA5B
module_01	CAB39
module_01	CAB39L
module_01	CACNB3
module_01	CACNB4
module_01	CACYBP
module_01	CAMK1
module_01	CAMK2A
module_01	CAMK2B
module_01	CAMK2D
module_01	CAMLG
module_01	CAPN3
module_01	CAPNS1
module_01	CAPZA1
module_01	CARD9
module_01	CASP3
module_01	CASS4
module_01	CAVIN1
module_01	CBL
module_01	CBR4
module_01	CCDC134
module_01	CCDC92
module_01	CCDC97
module_01	CCNB2
module_01	CD69
module_01	CDC25B
module_01	CDC42
module_01	CDK16
module_01	CDK8|CCNC
module_01	CDKN1A
module_01	CDKN2D
module_01	CEP41
module_01	CERT1
module_01	CETN2
module_01	CFAP298
module_01	CFL1
module_01	CHFR
module_01	CHMP1A
module_01	CHMP1B
module_01	CHMP2A
module_01	CHMP3
module_01	CHP1
module_01	CIAO1
module_01	CIRBP
module_01	CKAP2
module_01	CLEC1B
module_01	CLEC4M
module_01	CLIC1
module_01	CLIC4
module_01	CLYBL
module_01	CMIP
module_01	CNOT9
module_01	CNP
module_01	CNPY4
module_01	COASY
module_01	COCH
module_01	COLGALT1
module_01	COMMD10
module_01	COMMD7
module_01	COMMD9
module_01	COMTD1
module_01	COPB2
module_01	COPS2
module_01	COPS5
module_01	COQ9
module_01	COX19
module_01	COX5A
module_01	CRAT
module_01	CRKL
module_01	CRTC3
module_01	CRYL1
module_01	CSDE1
module_01	CSF2
module_01	CSNK1D
module_01	CSNK1G1
module_01	CSNK1G2
module_01	CSNK2A2|CSNK2B
module_01	CSNK2B
module_01	CSRP2
module_01	CSRP3
module_01	CSTL1
module_01	CT45A1
module_01	CTBP1
module_01	CTDSPL
module_01	CTNNB1
module_01	CTPS1
module_01	CUL3
module_01	CUL4B
module_01	CXCL1
module_01	CXCL2
module_01	CXCL3
module_01	CXCL6
module_01	CXorf38
module_01	CYB5R4
module_01	CYLD
module_01	CYRIA
module_01	CYTH4
module_01	DAB2
module_01	DAPK1
module_01	DAPK2
module_01	DAPK3
module_01	DARS2
module_01	DBT
module_01	DCK
module_01	DCTD
module_01	DDAH1
module_01	DDOST
module_01	DDX19A
module_01	DDX19B
module_01	DEAF1
module_01	DECR1
module_01	DEF6
module_01	DEFB113
module_01	DENND10
module_01	DENR
module_01	DERL1
module_01	DHRS4
module_01	DHRS9
module_01	DIABLO
module_01	DIAPH1
module_01	DLAT
module_01	DLD
module_01	DLG2
module_01	DLG4
module_01	DLGAP4
module_01	DLX3
module_01	DLX4
module_01	DMC1
module_01	DMKN
module_01	DNAJA2
module_01	DNAJB1
module_01	DNAJB2
module_01	DNAJB4
module_01	DNAJB6
module_01	DNAJC1
module_01	DNAJC10
module_01	DNAJC16
module_01	DNAJC17
module_01	DNAJC19
module_01	DNAJC30
module_01	DNM2
module_01	DOK1
module_01	DOK2
module_01	DPP7
module_01	DPYSL2
module_01	DPYSL3
module_01	DRG1
module_01	DSG3
module_01	DSTN
module_01	DTYMK
module_01	DUSP26
module_01	DUSP28
module_01	DYNC1LI1
module_01	DYNC1LI2
module_01	DYNLL2
module_01	DYNLRB1
module_01	EBAG9
module_01	ECH1
module_01	ECHDC1
module_01	ECI1
module_01	ECI2
module_01	EEA1
module_01	EED
module_01	EEF1A1
module_01	EEF1G
module_01	EFCAB1
module_01	EFCAB14
module_01	EGF
module_01	EGFL6
module_01	EHD1
module_01	EHD3
module_01	EIF1B
module_01	EIF2A
module_01	EIF2B1
module_01	EIF2S1
module_01	EIF2S2
module_01	EIF3B
module_01	EIF3J
module_01	EIF3M
module_01	EIF4A1
module_01	EIF4A2
module_01	EIF4G1
module_01	EIF4G2
module_01	EIF4H
module_01	EIF5
module_01	EIF5A
module_01	ELAC1
module_01	ELMO2
module_01	EMC2
module_01	ENSA
module_01	EOLA1
module_01	EPN1
module_01	EPS15L1
module_01	ERAP1
module_01	ERC1
module_01	ERN1
module_01	ESS2
module_01	ETNK2
module_01	ETS2
module_01	EYA2
module_01	EZR
module_01	F11R
module_01	FADD
module_01	FAF2
module_01	FAHD1
module_01	FAHD2A
module_01	FAM118B
module_01	FAM151B
module_01	FAM219B
module_01	FAM221A
module_01	FAM9B
module_01	FASN
module_01	FBXL4
module_01	FBXO3
module_01	FCAMR
module_01	FEV
module_01	FGF2
module_01	FGL2
module_01	FGR
module_01	FH
module_01	FHIT
module_01	FKBP2
module_01	FKBP6
module_01	FLI1
module_01	FLT3
module_01	FNBP1
module_01	FOXM1
module_01	FOXO3
module_01	FOXO4
module_01	FOXP4
module_01	FOXRED1
module_01	FTH1
module_01	FUBP3
module_01	FUT11
module_01	FUT8
module_01	FXN
module_01	FXR1
module_01	G6PD
module_01	GAB1
module_01	GABARAPL2
module_01	GALK1
module_01	GAP43
module_01	GAPDH
module_01	GARS1
module_01	GATM
module_01	GCDH
module_01	GCLM
module_01	GFPT1
module_01	GFPT2
module_01	GGA3
module_01	GGPS1
module_01	GID8
module_01	GLO1
module_01	GLS
module_01	GMPS
module_01	GNAI1
module_01	GNAQ
module_01	GNE
module_01	GNPNAT1
module_01	GOLPH3
module_01	GOLPH3L
module_01	GOSR1
module_01	GOT2
module_01	GP1BB
module_01	GP5
module_01	GP6
module_01	GPN1
module_01	GPX7
module_01	GRB10
module_01	GRB14
module_01	GRHPR
module_01	GRIPAP1
module_01	GRK2
module_01	GRPEL1
module_01	GSK3A
module_01	GSK3B
module_01	GSPT2
module_01	GSTK1
module_01	GSTT2
module_01	GTF2A2
module_01	GTF2E1
module_01	HAUS1
module_01	HAX1
module_01	HBE1
module_01	HBG2
module_01	HCAR2
module_01	HDAC2
module_01	HDAC6
module_01	HDAC8
module_01	HDHD2
module_01	HERC4
module_01	HES5
module_01	HEXIM1
module_01	HEXIM2
module_01	HEY1
module_01	HHLA2
module_01	HIBCH
module_01	HINT2
module_01	HMGCL
module_01	HNRNPA0
module_01	HNRNPDL
module_01	HOMER1
module_01	HOMER2
module_01	HPCAL1
module_01	HPGD
module_01	HRAS
module_01	HS2ST1
module_01	HSD17B10
module_01	HSD17B4
module_01	HSD17B8
module_01	HSP90B1
module_01	HSPA12A
module_01	HSPA9
module_01	HSPB1
module_01	HSPBP1
module_01	HSPD1
module_01	HSPE1
module_01	HTATIP2
module_01	ID1
module_01	IDE
module_01	IDH1
module_01	IDH3G
module_01	IDI1
module_01	IGBP1
module_01	IGFL3
module_01	INPP4A
module_01	INPP4B
module_01	INPP5B
module_01	INPP5F
module_01	IP6K1
module_01	IRAG1
module_01	IRAK4
module_01	IRF3
module_01	IRF5
module_01	IRF6
module_01	ISCU
module_01	IST1
module_01	ITGAV|ITGB6
module_01	ITGB1BP2
module_01	ITPKA
module_01	ITPRIPL1
module_01	IVD
module_01	JMJD6
module_01	KARS1
module_01	KAT2A
module_01	KAT5
module_01	KCNA10
module_01	KCNE3
module_01	KCNRG
module_01	KCTD10
module_01	KDM1A
module_01	KIF3A
module_01	KIFBP
module_01	KLHL7
module_01	KPNA1
module_01	KPNA4
module_01	KPNA5
module_01	KPNA6
module_01	KPNB1
module_01	KRAS
module_01	KRT71
module_01	KTI12
module_01	KYAT3
module_01	LANCL1
module_01	LANCL2
module_01	LASP1
module_01	LCMT1
module_01	LGALS8
module_01	LIMD1
module_01	LIMD2
module_01	LMAN2L
module_01	LNPK
module_01	LOXL3
module_01	LPIN1
module_01	LRFN2
module_01	LRP2BP
module_01	LRSAM1
module_01	LSM1
module_01	LYPLAL1
module_01	LYRM1
module_01	LYZ
module_01	MADCAM1
module_01	MAGEA10
module_01	MANF
module_01	MAP1LC3A
module_01	MAP1LC3B2
module_01	MAP2K1
module_01	MAP2K3
module_01	MAP4K5
module_01	MAPK1
module_01	MAPK10
module_01	MAPK14
module_01	MAPK3
module_01	MAPK8
module_01	MAPK9
module_01	MAPKAPK2
module_01	MAPKAPK3
module_01	MAPRE1
module_01	MAPRE2
module_01	MARK3
module_01	MARS1
module_01	MAX
module_01	MBNL1
module_01	MBNL2
module_01	MCEE
module_01	MEF2D
module_01	MEIS2
module_01	MEMO1
module_01	METAP1
module_01	METAP2
module_01	MFAP3L
module_01	MGMT
module_01	MICAL1
module_01	MICALL1
module_01	MICU2
module_01	MIEF1
module_01	MITD1
module_01	MITF
module_01	MKNK1
module_01	MLEC
module_01	MLX
module_01	MLYCD
module_01	MMAB
module_01	MME
module_01	MOB1A
module_01	MOB1B
module_01	MOB3B
module_01	MOB4
module_01	MORF4L2
module_01	MPI
module_01	MPP7
module_01	MRE11
module_01	MRM1
module_01	MRPL1
module_01	MRPL10
module_01	MRPL12
module_01	MRPL14
module_01	MRPL2
module_01	MRPL28
module_01	MSC
module_01	MSI2
module_01	MTHFD2
module_01	MTHFD2L
module_01	MTHFSD
module_01	MTIF3
module_01	MTRF1L
module_01	MTSS2
module_01	MVD
module_01	MVK
module_01	MYCBP
module_01	MYL12A
module_01	MYL12B
module_01	MYL9
module_01	MZT2A
module_01	N4BP2L2
module_01	N6AMT1
module_01	NAA10
module_01	NAA50
module_01	NAA80
module_01	NACA
module_01	NAE1
module_01	NAE1|UBA3
module_01	NAIF1
module_01	NAP1L2
module_01	NAP1L4
module_01	NAPA
module_01	NAPG
module_01	NCALD
module_01	NCBP1
module_01	NCBP2
module_01	NCK1
module_01	NCOA7
module_01	NDC80
module_01	NDRG4
module_01	NDUFAF2
module_01	NDUFAF8
module_01	NDUFB6
module_01	NEIL1
module_01	NFKB1
module_01	NFU1
module_01	NIP7
module_01	NLRP10
module_01	NME1
module_01	NME4
module_01	NME7
module_01	NMES1
module_01	NMT1
module_01	NMT2
module_01	NPLOC4
module_01	NR1H2
module_01	NRAS
module_01	NRBF2
module_01	NSF
module_01	NSMCE2
module_01	NSUN6
module_01	NT5C2
module_01	NT5C3A
module_01	NT5C3B
module_01	NT5DC1
module_01	NT5DC3
module_01	NT5M
module_01	NTAQ1
module_01	NUB1
module_01	NUBP2
module_01	NUDT15
module_01	NUDT16L1
module_01	NUDT2
module_01	NUMB
module_01	NUTF2
module_01	OAZ1
module_01	OCIAD1
module_01	OLA1
module_01	OSBP
module_01	OSBPL1A
module_01	OTUD7B
module_01	OTULIN
module_01	OVCA2
module_01	OXCT1
module_01	OXSM
module_01	OXSR1
module_01	PACSIN1
module_01	PACSIN2
module_01	PAGR1
module_01	PAK6
module_01	PANK3
module_01	PARK7
module_01	PAWR
module_01	PCBD2
module_01	PCBP3
module_01	PCDHAC1
module_01	PCK2
module_01	PCTP
module_01	PDAP1
module_01	PDCD6IP
module_01	PDCL
module_01	PDCL2
module_01	PDCL3
module_01	PDE11A
module_01	PDE4D
module_01	PDE6D
module_01	PDGFA
module_01	PDGFC
module_01	PDHA2
module_01	PDHX
module_01	PDIA3
module_01	PDIA6
module_01	PDLIM1
module_01	PDRG1
module_01	PEBP1
module_01	PEX14
module_01	PFKFB1
module_01	PFKFB3
module_01	PFKFB4
module_01	PFKM
module_01	PGAM1
module_01	PGAM2
module_01	PGD
module_01	PGK1
module_01	PGP
module_01	PHGDH
module_01	PHOSPHO2
module_01	PIH1D1
module_01	PIK3CA|PIK3R1
module_01	PIN1
module_01	PIN4
module_01	PIP4K2A
module_01	PIP4K2B
module_01	PITPNB
module_01	PKM
module_01	PKN1
module_01	PKN2
module_01	PLA2G12A
module_01	PLA2G4A
module_01	PLCB1
module_01	PLCG2
module_01	PLD3
module_01	PLEKHA1
module_01	PLVAP
module_01	PLXDC2
module_01	PLXNA4
module_01	PMVK
module_01	PNKP
module_01	PNP
module_01	PNPLA2
module_01	PNPO
module_01	PNPT1
module_01	POFUT1
module_01	POGLUT1
module_01	POGLUT3
module_01	POLR2M
module_01	POR
module_01	POU2AF1
module_01	PPBP
module_01	PPCS
module_01	PPID
module_01	PPIF
module_01	PPIG
module_01	PPIH
module_01	PPIL1
module_01	PPM1F
module_01	PPM1M
module_01	PPP1R14A
module_01	PPP1R2
module_01	PPP2R5A
module_01	PPP3CA|PPP3R1
module_01	PRAME
module_01	PRDM4
module_01	PRDX3
module_01	PRDX6
module_01	PRKAR2B
module_01	PRKCI
module_01	PRKCQ
module_01	PRKCSH
module_01	PRKG1
module_01	PRMT3
module_01	PRPF18
module_01	PRPSAP1
module_01	PRPSAP2
module_01	PSMC3
module_01	PSMD11
module_01	PTEN
module_01	PTGES2
module_01	PTP4A2
module_01	PTP4A3
module_01	PTPN1
module_01	PTPN11
module_01	PTPN6
module_01	PTRHD1
module_01	PURA
module_01	PURB
module_01	PUS1
module_01	PYCR2
module_01	QRFP
module_01	QTRT1
module_01	QTRT2
module_01	RAB11B
module_01	RAB11FIP3
module_01	RAB14
module_01	RAB17
module_01	RAB1A
module_01	RAB1B
module_01	RAB22A
module_01	RAB23
module_01	RAB24
module_01	RAB27A
module_01	RAB2A
module_01	RAB31
module_01	RAB32
module_01	RAB33A
module_01	RAB3D
module_01	RAB43
module_01	RAB4A
module_01	RAB5A
module_01	RAB6A
module_01	RAB8B
module_01	RABEP1
module_01	RABGAP1L
module_01	RABL3
module_01	RABL6
module_01	RAC1
module_01	RAC3
module_01	RAD51C
module_01	RALA
module_01	RANBP1
module_01	RANGAP1
module_01	RAP1GAP
module_01	RAP1GDS1
module_01	RASA1
module_01	RASSF2
module_01	RBM3
module_01	RBM4
module_01	RBPMS2
module_01	RDH13
module_01	RECQL
module_01	RER1
module_01	RGS1
module_01	RGS18
module_01	RHOA
module_01	RHOT1
module_01	RILPL1
module_01	RILPL2
module_01	RLN3
module_01	RNASE13
module_01	RNF122
module_01	RNF215
module_01	RNF25
module_01	RNF31
module_01	RNF41
module_01	RNF8
module_01	ROCK2
module_01	RPE
module_01	RPP40
module_01	RPS12
module_01	RPS25
module_01	RPS6KA1
module_01	RPS6KA3
module_01	RPS6KA6
module_01	RPS6KB1
module_01	RRAS
module_01	RRAS2
module_01	RTCA
module_01	RTN4IP1
module_01	RUVBL1
module_01	RWDD1
module_01	RWDD4
module_01	S100A14
module_01	S100A4
module_01	S100A5
module_01	S100P
module_01	SAMD4B
module_01	SAR1A
module_01	SARG
module_01	SARS1
module_01	SARS2
module_01	SBDS
module_01	SCCPDH
module_01	SCO2
module_01	SCPEP1
module_01	SDF2
module_01	SDF2L1
module_01	SDHAF2
module_01	SDHB
module_01	SEC22A
module_01	SELP
module_01	SEPSECS
module_01	SEPTIN1
module_01	SEPTIN6
module_01	SERPINE1
module_01	SERPINF1
module_01	SERPINH1
module_01	SETD3
module_01	SGK3
module_01	SGTA
module_01	SH2B3
module_01	SH3BGRL2
module_01	SH3BGRL3
module_01	SH3BP5
module_01	SH3GL2
module_01	SH3GL3
module_01	SH3PXD2B
module_01	SHANK3
module_01	SHARPIN
module_01	SHC1
module_01	SHISA2
module_01	SHKBP1
module_01	SHMT1
module_01	SIAE
module_01	SIAH1
module_01	SIRT3
module_01	SKIL
module_01	SLC14A2
module_01	SLC25A1
module_01	SLC27A2
module_01	SLC30A5
module_01	SLC9A3R1
module_01	SMAD1
module_01	SMAD2
module_01	SMAD3
module_01	SMAD5
module_01	SMAP1
module_01	SMIM9
module_01	SNAP29
module_01	SNCA
module_01	SNUPN
module_01	SNX11
module_01	SNX16
module_01	SNX4
module_01	SNX5
module_01	SNX8
module_01	SP6
module_01	SPARC
module_01	SPATA5
module_01	SPATA9
module_01	SPG21
module_01	SPHK1
module_01	SPINT2
module_01	SPINT3
module_01	SPTLC1
module_01	SRGAP2
module_01	SRGN
module_01	SRI
module_01	SRPK1
module_01	SRRT
module_01	SSMEM1
module_01	SSPN
module_01	STAMBP
module_01	STAMBPL1
module_01	STAR
module_01	STAT3
module_01	STAT5A
module_01	STAT6
module_01	STIM1
module_01	STIP1
module_01	STK10
module_01	STOML2
module_01	STUB1
module_01	STX17
module_01	STX4
module_01	STX6
module_01	STXBP6
module_01	STYX
module_01	SULF2
module_01	SULT1A1
module_01	SULT1A3
module_01	SULT2B1
module_01	SV2A
module_01	SYAP1
module_01	SYF2
module_01	SYK
module_01	SYNCRIP
module_01	SYNJ2BP
module_01	SYT4
module_01	TACC3
module_01	TACO1
module_01	TADA1
module_01	TAPBP
module_01	TARDBP
module_01	TARS1
module_01	TATDN3
module_01	TAX1BP3
module_01	TBC1D13
module_01	TBC1D20
module_01	TBC1D25
module_01	TBCC
module_01	TBCE
module_01	TBL2
module_01	TEC
module_01	TFAM
module_01	TFB1M
module_01	TFB2M
module_01	TFCP2L1
module_01	THBS1
module_01	THEM4
module_01	TIA1
module_01	TIAL1
module_01	TIMM10B
module_01	TIMM50
module_01	TIMM8A
module_01	TIRAP
module_01	TK2
module_01	TMEM106A
module_01	TMEM230
module_01	TMEM87B
module_01	TMUB1
module_01	TNFAIP3
module_01	TNFAIP8
module_01	TNRC6B
module_01	TOLLIP
module_01	TOMM20
module_01	TOR1AIP2
module_01	TOR4A
module_01	TP53
module_01	TPH1
module_01	TPI1
module_01	TPMT
module_01	TPRKB
module_01	TPST2
module_01	TPT1
module_01	TRAF1
module_01	TRAPPC2
module_01	TRAPPC6B
module_01	TRDMT1
module_01	TRIM40
module_01	TRIM54
module_01	TRIP10
module_01	TRMT112
module_01	TRUB1
module_01	TSG101
module_01	TSTD1
module_01	TTC27
module_01	TTC33
module_01	TTC9
module_01	TTL
module_01	TTPAL
module_01	TWF2
module_01	TXLNA
module_01	TXNL1
module_01	TXNL4B
module_01	TYK2
module_01	TYMP
module_01	TYW5
module_01	UBA1
module_01	UBA6
module_01	UBE2C
module_01	UBE2D1|UBB
module_01	UBE2D3|UBB
module_01	UBE2L6
module_01	UBE2N|UBE2V1
module_01	UBE2N|UBE2V2
module_01	UBE2Q1
module_01	UBE2Q2
module_01	UBE2S
module_01	UBE2V1
module_01	UBE2V2
module_01	UBE3A
module_01	UBL4A
module_01	UBL7
module_01	UBLCP1
module_01	UBXN2B
module_01	UBXN4
module_01	UCHL1
module_01	UCHL5
module_01	UCK1
module_01	UFD1
module_01	UFM1
module_01	UGT2A1
module_01	UNC119B
module_01	UNC45A
module_01	USO1
module_01	USP12
module_01	USP12|WDR48
module_01	USP14
module_01	USP21
module_01	USP22
module_01	USP4
module_01	USP46
module_01	USP46|WDR48
module_01	USP5
module_01	USP8
module_01	VCL
module_01	VCPIP1
module_01	VGLL4
module_01	VPS25
module_01	VPS4A
module_01	VPS4B
module_01	VPS53
module_01	VSIR
module_01	VTA1
module_01	VTI1A
module_01	VTI1B
module_01	WAS
module_01	WASL
module_01	WDR48
module_01	WFDC13
module_01	WNK1
module_01	WWP1
module_01	XPNPEP1
module_01	ZADH2
module_01	ZC3H12A
module_01	ZCCHC17
module_01	ZDHHC4
module_01	ZFYVE27
module_01	ZNF18
module_01	ZRANB1
module_01	ZWILCH
module_01	ZYX
module_02	ABCC6
module_02	ABL1
module_02	ABO
module_02	ABRAXAS1
module_02	ACE
module_02	ACP7
module_02	ACVR1B
module_02	ADAM15
module_02	ADAM30
module_02	ADAM32
module_02	ADAM8
module_02	ADAMTS4
module_02	ADAT1
module_02	ADCYAP1
module_02	ADGRB1
module_02	ADGRB3
module_02	ADGRE2
module_02	ADGRE5
module_02	ADH1B
module_02	AIF1L
module_02	ALCAM
module_02	ALDOB
module_02	ALPG
module_02	ALPI
module_02	AMN
module_02	ANGPTL8
module_02	ANK2
module_02	ANP32B
module_02	ANP32C
module_02	ANXA9
module_02	APBB1
module_02	APBB2
module_02	APBB3
module_02	APOM
module_02	APTX
module_02	ARHGAP30
module_02	ARHGEF25
module_02	ARL9
module_02	ART5
module_02	ARTN
module_02	ASGR2
module_02	ASIP
module_02	ATAD2
module_02	ATF3
module_02	ATOH1
module_02	ATP1B2
module_02	ATP23
module_02	ATP2A3
module_02	B4GALT6
module_02	BAP1
module_02	BATF
module_02	BCAM
module_02	BCHE
module_02	BEX5
module_02	BLOC1S6
module_02	BMI1
module_02	BMX
module_02	BOLA2
module_02	BPNT2
module_02	BRMS1L
module_02	BST2
module_02	BTN2A1
module_02	BTNL3
module_02	BTNL8
module_02	BTNL9
module_02	C1QC
module_02	C1QL3
module_02	C1QTNF5
module_02	C1R
module_02	C1orf115
module_02	C1orf162
module_02	C1orf210
module_02	C1orf50
module_02	C22orf15
module_02	C4A|C4B
module_02	C4orf36
module_02	C8G
module_02	CA12
module_02	CA2
module_02	CA5A
module_02	CA7
module_02	CABP5
module_02	CACNA2D3
module_02	CADM1
module_02	CALY
module_02	CAMK2N2
module_02	CANT1
module_02	CANX
module_02	CAPNS2
module_02	CARTPT
module_02	CASP2
module_02	CAST
module_02	CBLIF
module_02	CBLN2
module_02	CCDC51
module_02	CCDC59
module_02	CCDC80
module_02	CCNYL1
module_02	CCPG1
module_02	CD109
module_02	CD1B
module_02	CD200
module_02	CD200R1
module_02	CD200R1L
module_02	CD207
module_02	CD300LB
module_02	CD300LF
module_02	CD33
module_02	CD38
module_02	CD3E
module_02	CD46
module_02	CD5
module_02	CD55
module_02	CD6
module_02	CD70
module_02	CD82
module_02	CD86
module_02	CD8A|CD8B
module_02	CD96
module_02	CDC25A
module_02	CDH13
module_02	CDH17
module_02	CDH5
module_02	CDK2AP1
module_02	CDKN3
module_02	CDX1
module_02	CDY1
module_02	CEACAM7
module_02	CEP112
module_02	CFC1
module_02	CGA|CGB3|CGB7
module_02	CGA|FSHB
module_02	CGA|LHB
module_02	CHAC1
module_02	CHD7
module_02	CHL1
module_02	CHN1
module_02	CHRD
module_02	CHST5
module_02	CKAP4
module_02	CLCA1
module_02	CLEC10A
module_02	CLEC2A
module_02	CLUL1
module_02	CMBL
module_02	CNDP1
module_02	CNGB1
module_02	CNPY3
module_02	CNTF
module_02	CNTN2
module_02	CNTN4
module_02	CNTN6
module_02	CNTNAP2
module_02	COG8
module_02	COL1A1
module_02	COL20A1
module_02	COL25A1
module_02	COL3A1
module_02	COL6A2
module_02	COL6A5
module_02	COLEC12
module_02	COQ8B
module_02	COX5B
module_02	COX7A1
module_02	CPM
module_02	CRACR2A
module_02	CREB1
module_02	CREBL2
module_02	CREM
module_02	CRHBP
module_02	CRISP3
module_02	CRLF1|CLCF1
module_02	CRLF3
module_02	CRMP1
module_02	CRTAM
module_02	CRYAA
module_02	CRYBB3
module_02	CRYGA
module_02	CSF2RA
module_02	CSF3
module_02	CSMD2
module_02	CT45A3
module_02	CTCF
module_02	CTLA4
module_02	CTNNA3
module_02	CTSE
module_02	CTSO
module_02	CTSS
module_02	CTSV
module_02	CTSZ
module_02	CUL9
module_02	CXCL17
module_02	CXCL5
module_02	CYGB
module_02	CYP2C19
module_02	DAXX
module_02	DCAF12
module_02	DCLK3
module_02	DDC
module_02	DDIT3
module_02	DDR1
module_02	DDX25
module_02	DEFB107A
module_02	DEFB108B
module_02	DEFB110
module_02	DEFB112
module_02	DEFB136
module_02	DGCR2
module_02	DGKB
module_02	DHODH
module_02	DIRAS1
module_02	DLL1
module_02	DLL4
module_02	DLX2
module_02	DNAJC18
module_02	DNALI1
module_02	DNASE2B
module_02	DNER
module_02	DOC2B
module_02	DOT1L
module_02	DPEP1
module_02	DPEP2
module_02	DPYSL5
module_02	DRAXIN
module_02	DSC3
module_02	DSG2
module_02	DSG4
module_02	DUSP15
module_02	DUSP19
module_02	DYNLL1
module_02	ECE1
module_02	EDDM3B
module_02	EDIL3
module_02	EDN1
module_02	EEF2K
module_02	EFNA3
module_02	EFNB2
module_02	EGFR
module_02	EHMT2
module_02	EID3
module_02	EIF4EBP3
module_02	ELAPOR1
module_02	ELAPOR2
module_02	ELF5
module_02	ELL3
module_02	EMC8
module_02	ENG
module_02	ENPEP
module_02	ENPP5
module_02	ENTPD5
module_02	EPHA1
module_02	EPHA3
module_02	EPHA4
module_02	EPHA7
module_02	EPHB2
module_02	EPHB4
module_02	EPS8L3
module_02	ERBB3
module_02	ERMN
module_02	ESRP1
module_02	ETV2
module_02	ETV5
module_02	EXOG
module_02	F7
module_02	FABP1
module_02	FAM102B
module_02	FAM107A
module_02	FAM151A
module_02	FAM171A1
module_02	FAM171B
module_02	FAM174A
module_02	FAM189A2
module_02	FAM204A
module_02	FAM234B
module_02	FAM3B
module_02	FANCF
module_02	FAP
module_02	FASLG
module_02	FBXO28
module_02	FCER2
module_02	FCGR2B
module_02	FCRLA
module_02	FEN1
module_02	FGF1
module_02	FGF17
module_02	FGF20
module_02	FGF6
module_02	FGF9
module_02	FLRT1
module_02	FLT4
module_02	FNDC8
module_02	FOLR1
module_02	FOLR2
module_02	FOLR3
module_02	FOXC2
module_02	FOXL2
module_02	FREM1
module_02	FRRS1L
module_02	FRS2
module_02	FUT10
module_02	FUT2
module_02	FUT9
module_02	FZD9
module_02	GABBR1
module_02	GABPB1
module_02	GAD1
module_02	GADD45GIP1
module_02	GALNS
module_02	GALNT1
module_02	GAS1
module_02	GFAP
module_02	GGH
module_02	GGT5
module_02	GIP
module_02	GKN1
module_02	GLIPR1
module_02	GLRX
module_02	GLRX5
module_02	GLT8D1
module_02	GM2A
module_02	GNG12
module_02	GPC2
module_02	GPC4
module_02	GPR107
module_02	GPR142
module_02	GPR68
module_02	GPT2
module_02	GRID1
module_02	GRP
module_02	GSC2
module_02	GSTA2
module_02	GSTT2B
module_02	GUCA1B
module_02	HAPLN1
module_02	HAVCR1
module_02	HCK
module_02	HCN1
module_02	HECW1
module_02	HEPACAM
module_02	HEPACAM2
module_02	HEPH
module_02	HES3
module_02	HEXB
module_02	HHLA3
module_02	HLA-DQA2
module_02	HLF
module_02	HMGCR
module_02	HMX2
module_02	HMX3
module_02	HORMAD2
module_02	HRC
module_02	HSD11B1
module_02	HSD17B11
module_02	HSD17B14
module_02	HTN3
module_02	HTR6
module_02	HYAL4
module_02	IFNA1
module_02	IFNA10
module_02	IFNA21
module_02	IFNA4
module_02	IFNA7
module_02	IFNB1
module_02	IFNGR2
module_02	IGFBP4
module_02	IGFBP7
module_02	IGHD
module_02	IGLON5
module_02	IL10RB
module_02	IL11RA
module_02	IL12A|IL12B
module_02	IL13RA1
module_02	IL17A
module_02	IL17RC
module_02	IL17RE
module_02	IL18BP
module_02	IL1A
module_02	IL1RAP
module_02	IL1RL2
module_02	IL20RA
module_02	IL22RA2
module_02	IL25
module_02	IL27RA
module_02	IL31
module_02	IL32
module_02	IL3RA
module_02	IL6|IL6R
module_02	ILF2
module_02	ING4
module_02	INHBA|INHBB
module_02	INS
module_02	INSIG1
module_02	INSL4
module_02	INSL6
module_02	IRF1
module_02	ISLR2
module_02	ITGA11|ITGB1
module_02	ITGAL|ITGB2
module_02	ITIH5
module_02	ITPKC
module_02	JAG1
module_02	JAKMIP3
module_02	JAM3
module_02	JAML
module_02	KCTD1
module_02	KDR
module_02	KIAA0040
module_02	KIAA1549L
module_02	KIF3B
module_02	KIR2DL3
module_02	KIR2DS2
module_02	KIR3DL2
module_02	KIR3DS1
module_02	KIRREL2
module_02	KIRREL3
module_02	KL
module_02	KLC3
module_02	KLK15
module_02	KLK5
module_02	KLRK1
module_02	KRT16
module_02	KRT20
module_02	KRT72
module_02	L3MBTL2
module_02	LAD1
module_02	LAIR1
module_02	LAIR2
module_02	LARGE1
module_02	LAT2
module_02	LCN8
module_02	LDLR
module_02	LETMD1
module_02	LGALS13
module_02	LGALS3
module_02	LGALS4
module_02	LGI3
module_02	LGR4
module_02	LGSN
module_02	LHB
module_02	LIF
module_02	LILRA4
module_02	LMAN1
module_02	LMAN2
module_02	LRIT3
module_02	LRP1
module_02	LRP11
module_02	LRP1B
module_02	LRP6
module_02	LRRC32
module_02	LRRC3B
module_02	LRRC4
module_02	LRRC4B
module_02	LRRC52
module_02	LRRTM2
module_02	LRRTM3
module_02	LRTM1
module_02	LSAMP
module_02	LY75
module_02	LYPD8
module_02	LYSMD4
module_02	MAEA
module_02	MAP4K3
module_02	MAPK11
module_02	MAST4
module_02	MATN4
module_02	MB21D2
module_02	MBTPS1
module_02	MCCD1
module_02	MCM6
module_02	MDGA1
module_02	MDM2
module_02	MECP2
module_02	MEN1
module_02	MEPE
module_02	METRNL
module_02	METTL21C
module_02	METTL24
module_02	MFGE8
module_02	MGAT2
module_02	MGAT4C
module_02	MIOX
module_02	MMADHC
module_02	MMP20
module_02	MOCOS
module_02	MOG
module_02	MPC1
module_02	MRC2
module_02	MREG
module_02	MRPL50
module_02	MSANTD2
module_02	MSH2
module_02	MSLN
module_02	MSMB
module_02	MSRB3
module_02	MSX2
module_02	MUC16
module_02	MXI1
module_02	MXRA8
module_02	MYL4
module_02	MYZAP
module_02	NAAA
module_02	NAALAD2
module_02	NADK2
module_02	NAGLU
module_02	NAGPA
module_02	NANOG
module_02	NATD1
module_02	NCAM2
module_02	NCR1
module_02	NCR2
module_02	NCR3
module_02	NDUFAF1
module_02	NECTIN4
module_02	NEIL2
module_02	NENF
module_02	NEO1
module_02	NFYA
module_02	NGF
module_02	NGRN
module_02	NIF3L1
module_02	NME8
module_02	NMU
module_02	NODAL
module_02	NOTCH1
module_02	NOTCH2
module_02	NOTUM
module_02	NPTN
module_02	NQO2
module_02	NR1D2
module_02	NR2C2AP
module_02	NR3C1
module_02	NR5A2
module_02	NREP
module_02	NT5E
module_02	NTF4
module_02	NTM
module_02	NTRK3
module_02	NUDT7
module_02	NVL
module_02	OBP2B
module_02	ODC1
module_02	OGG1
module_02	OLFM4
module_02	OLFML3
module_02	OPCML
module_02	OPRPN
module_02	OSCAR
module_02	OTC
module_02	OTOR
module_02	OTX2
module_02	OXLD1
module_02	OXT
module_02	PABPC5
module_02	PATE1
module_02	PATE4
module_02	PAX3
module_02	PCDH12
module_02	PCDHGC5
module_02	PDCD1
module_02	PDCD1LG2
module_02	PDCD4
module_02	PDE9A
module_02	PDGFRB
module_02	PELI1
module_02	PEX5
module_02	PFN2
module_02	PGK2
module_02	PGM1
module_02	PHEX
module_02	PHYHD1
module_02	PHYHIPL
module_02	PIK3AP1
module_02	PIK3IP1
module_02	PLK1
module_02	PLS3
module_02	PLSCR3
module_02	PLXNC1
module_02	PLXND1
module_02	PMP2
module_02	PODXL2
module_02	POLB
module_02	POLE2
module_02	POLH
module_02	POLR3F
module_02	POMC
module_02	POMGNT1
module_02	PPARGC1A
module_02	PPM1L
module_02	PPP2R3A
module_02	PRG2
module_02	PRKAA1|PRKAB1|PRKAG1
module_02	PRKCG
module_02	PROC
module_02	PRSS37
module_02	PRTG
module_02	PSG6
module_02	PSG7
module_02	PSG8
module_02	PSMA3
module_02	PSMD5
module_02	PSMG2
module_02	PSMG4
module_02	PSPN
module_02	PTCHD3
module_02	PTGFRN
module_02	PTK2
module_02	PTK6
module_02	PTPN13
module_02	PTPN4
module_02	PTPRD
module_02	PVR
module_02	PXDNL
module_02	QKI
module_02	RAB7B
module_02	RACGAP1
module_02	RAET1L
module_02	RAMP1
module_02	RAMP3
module_02	RARRES2
module_02	RBP5
module_02	RCAN3
module_02	RCN3
module_02	RELL1
module_02	RET
module_02	RGMB
module_02	RGS4
module_02	RHOD
module_02	RIC8A
module_02	RIPPLY1
module_02	RMDN3
module_02	RNF13
module_02	RNF148
module_02	RNPC3
module_02	ROBO2
module_02	RORB
module_02	RORC
module_02	RP9
module_02	RPAIN
module_02	RPP25
module_02	RTN4RL1
module_02	S100A7
module_02	S100Z
module_02	SAMHD1
module_02	SAT1
module_02	SBSN
module_02	SCGN
module_02	SCIMP
module_02	SDHAF4
module_02	SEC61G
module_02	SECTM1
module_02	SELE
module_02	SEMA3G
module_02	SEMA4F
module_02	SEMA5A
module_02	SEMA6C
module_02	SEMA6D
module_02	SENP2
module_02	SERPINA7
module_02	SERPINB5
module_02	SERPINI2
module_02	SETD2
module_02	SETMAR
module_02	SFRP4
module_02	SFTA2
module_02	SGF29
module_02	SHANK1
module_02	SHBG
module_02	SHC2
module_02	SHCBP1L
module_02	SHISAL1
module_02	SIGIRR
module_02	SIGLEC6
module_02	SIRPA
module_02	SIRPB1
module_02	SIT1
module_02	SLAMF1
module_02	SLC66A1L
module_02	SLC6A9
module_02	SLCO5A1
module_02	SLIT1
module_02	SLIT3
module_02	SLITRK2
module_02	SLITRK3
module_02	SLITRK5
module_02	SLITRK6
module_02	SLTM
module_02	SMCO1
module_02	SMIM24
module_02	SMPDL3A
module_02	SMYD2
module_02	SORCS3
module_02	SOST
module_02	SOSTDC1
module_02	SOX6
module_02	SOX9
module_02	SPEF1
module_02	SPIN3
module_02	SPINK1
module_02	SPINK2
module_02	SPINT1
module_02	SPN
module_02	SRFBP1
module_02	SRY
module_02	SSBP1
module_02	SST
module_02	ST6GALNAC4
module_02	ST8SIA2
module_02	ST8SIA3
module_02	STX1B
module_02	STX2
module_02	SUSD1
module_02	SUSD3
module_02	SYT11
module_02	SYTL2
module_02	TACSTD2
module_02	TAT
module_02	TBX22
module_02	TBX3
module_02	TCP11
module_02	TDO2
module_02	TEK
module_02	TENM3
module_02	TENM4
module_02	TEPSIN
module_02	TGFBI
module_02	TGIF2
module_02	TGIF2LX
module_02	TGIF2LY
module_02	TGM1
module_02	TGM3
module_02	THSD1
module_02	THSD7A
module_02	THY1
module_02	TIAM2
module_02	TINF2
module_02	TLDC2
module_02	TLR10
module_02	TLR3
module_02	TMED4
module_02	TMEM132A
module_02	TMEM132C
module_02	TMEM132D
module_02	TMEM154
module_02	TMEM167A
module_02	TMEM234
module_02	TMEM9
module_02	TMPRSS11A
module_02	TMPRSS11B
module_02	TMPRSS11D
module_02	TMUB2
module_02	TNF
module_02	TNFAIP1
module_02	TNFRSF18
module_02	TNFRSF21
module_02	TNFSF13B
module_02	TNFSF15
module_02	TNFSF9
module_02	TNXB
module_02	TOPBP1
module_02	TPSAB1
module_02	TRAF4
module_02	TRAPPC6A
module_02	TRAT1
module_02	TRH
module_02	TRIL
module_02	TRIM55
module_02	TSHR
module_02	TSSK2
module_02	TTC25
module_02	TTC9B
module_02	TXN
module_02	TXNDC11
module_02	TYMS
module_02	TYRO3
module_02	UBL3
module_02	UGT1A8
module_02	UNC13A
module_02	URM1
module_02	USB1
module_02	USH1C
module_02	USP1
module_02	USP3
module_02	UTS2R
module_02	VAMP1
module_02	VAMP4
module_02	VANGL1
module_02	VAPB
module_02	VCX
module_02	VEGFD
module_02	VIP
module_02	VSIG10L
module_02	VSIG8
module_02	VWA2
module_02	WFDC2
module_02	WIF1
module_02	WNT16
module_02	WNT7A
module_02	WTAP
module_02	XDH
module_02	XRCC1
module_02	ZBTB33
module_02	ZDHHC14
module_02	ZFP36
module_02	ZG16
module_02	ZNF174
module_02	ZNF382
module_02	ZNF41
module_02	ZNF410
module_02	ZNF593
module_02	ZPBP2
module_02	ZSWIM7
module_03	AACS
module_03	ABR
module_03	ACOT12
module_03	ACOT13
module_03	ACOX1
module_03	ACP1
module_03	ACSS2
module_03	ACYP1
module_03	ACYP2
module_03	ADAT2
module_03	ADPRS
module_03	AGO2
module_03	AGO3
module_03	AHSA1
module_03	AK1
module_03	AK2
module_03	AKR1A1
module_03	AKR1B1
module_03	AKR1C3
module_03	ALDOA
module_03	ALKAL2
module_03	AMMECR1L
module_03	AMPD2
module_03	ANGPT1
module_03	ANXA11
module_03	ANXA2
module_03	ANXA7
module_03	AP1B1
module_03	AP2A2
module_03	APAF1
module_03	APEX1
module_03	APP
module_03	ARF1
module_03	ARFIP2
module_03	ARHGAP1
module_03	ARHGAP45
module_03	ARHGAP6
module_03	ARHGDIB
module_03	ARID3C
module_03	ARL6
module_03	ARL6IP1
module_03	ARL6IP5
module_03	ARRDC5
module_03	ASAH1
module_03	ASCC2
module_03	ATG5
module_03	ATP6V1F
module_03	ATXN3
module_03	AVEN
module_03	B3GALT2
module_03	BAG1
module_03	BAP18
module_03	BCL2A1
module_03	BCL7A
module_03	BET1L
module_03	BICD1
module_03	BIN2
module_03	BLVRA
module_03	BPNT1
module_03	BRICD5
module_03	BUB1
module_03	BZW2
module_03	C2orf68
module_03	C6orf89
module_03	CABLES2
module_03	CADPS2
module_03	CALCR
module_03	CALD1
module_03	CAND1
module_03	CAPN1|CAPNS1
module_03	CARS1
module_03	CASTOR1
module_03	CBFB
module_03	CBR3
module_03	CBX3
module_03	CCDC50
module_03	CCDC9
module_03	CCL5
module_03	CCM2
module_03	CCT5
module_03	CCT7
module_03	CCT8
module_03	CD226
module_03	CDC37
module_03	CDC42BPA
module_03	CDK2
module_03	CDKL2
module_03	CDKN1B
module_03	CEL
module_03	CES3
module_03	CETN3
module_03	CFAP36
module_03	CHAC2
module_03	CHKB
module_03	CHMP2B
module_03	CHMP4A
module_03	CHMP6
module_03	CILP
module_03	CINP
module_03	CKS1B
module_03	CLINT1
module_03	CLUAP1
module_03	CNMD
module_03	CNN1
module_03	CNN2
module_03	CNOT1
module_03	COPS8
module_03	COTL1
module_03	CPNE1
module_03	CPPED1
module_03	CPVL
module_03	CROT
module_03	CRPPA
module_03	CRYZ
module_03	CS
module_03	CSH1|CSH2
module_03	CSK
module_03	CSNK2A1
module_03	CSNK2A1|CSNK2B
module_03	CSRP1
module_03	CTDSP1
module_03	CTNNA1
module_03	CTNNBIP1
module_03	CTSA
module_03	CXCL11
module_03	CYTH1
module_03	DAPP1
module_03	DARS1
module_03	DBNL
module_03	DCXR
module_03	DDHD2
module_03	DDRGK1
module_03	DDX1
module_03	DDX6
module_03	DECR2
module_03	DEFB121
module_03	DFFA
module_03	DHRS11
module_03	DKK1
module_03	DKK2
module_03	DKK4
module_03	DLG3
module_03	DLST
module_03	DMRTC2
module_03	DMTN
module_03	DNAJA4
module_03	DNAJB11
module_03	DNAJB14
module_03	DNAJB8
module_03	DNAJC12
module_03	DNAJC5B
module_03	DNM1
module_03	DPCD
module_03	DPH2
module_03	DPH7
module_03	DTD1
module_03	DTD2
module_03	DTX3L
module_03	DUSP18
module_03	DUSP21
module_03	DUSP3
module_03	DUSP6
module_03	DUT
module_03	ECHS1
module_03	EDDM3A
module_03	EEF1D
module_03	EFHD2
module_03	EHD4
module_03	EIF1
module_03	EIF1AD
module_03	EIF1AY
module_03	EIF3G
module_03	EIF4B
module_03	EIF4E
module_03	EIF4E2
module_03	EIF5A2
module_03	ELAVL1
module_03	ELK3
module_03	ELK4
module_03	ELMO1
module_03	ENAH
module_03	ENO1
module_03	ENO2
module_03	EPB41
module_03	EPB41L1
module_03	EPS8L1
module_03	ERH
module_03	ERO1B
module_03	ERP29
module_03	ERP44
module_03	ETV7
module_03	EVL
module_03	EXOSC8
module_03	FAIM
module_03	FAM110A
module_03	FAM160B1
module_03	FAM162A
module_03	FAM163B
module_03	FAM221B
module_03	FER
module_03	FERMT3
module_03	FHOD1
module_03	FIS1
module_03	FKBP14
module_03	FKBP3
module_03	FKBP5
module_03	FKBP7
module_03	FLII
module_03	FLJ44635
module_03	FLNA
module_03	FMR1
module_03	FN3K
module_03	FNTA
module_03	FUBP1
module_03	FUNDC1
module_03	FYN
module_03	G3BP1
module_03	G3BP2
module_03	GBP2
module_03	GDI1
module_03	GDI2
module_03	GET3
module_03	GFER
module_03	GGA1
module_03	GHRL
module_03	GLRX2
module_03	GLRX3
module_03	GLUL
module_03	GMDS
module_03	GMFB
module_03	GMFG
module_03	GMPR
module_03	GMPR2
module_03	GNAI3
module_03	GNS
module_03	GOT1
module_03	GPCPD1
module_03	GPD1
module_03	GPI
module_03	GPT
module_03	GPX1
module_03	GRAP
module_03	GRB2
module_03	GSTM1
module_03	GSTM3
module_03	GSTM4
module_03	GSTM5
module_03	GSTP1
module_03	GUK1
module_03	HADH
module_03	HAGH
module_03	HARS1
module_03	HBEGF
module_03	HCLS1
module_03	HDHD3
module_03	HDLBP
module_03	HEBP1
module_03	HECTD3
module_03	HGD
module_03	HGS
module_03	HNRNPAB
module_03	HNRNPF
module_03	HNRNPK
module_03	HNRNPM
module_03	HPRT1
module_03	HSD17B7
module_03	HSDL2
module_03	HSP90AA1
module_03	HSP90AB1
module_03	HTRA2
module_03	HUS1
module_03	HYPK
module_03	IKBKG
module_03	IL15
module_03	IL17RB
module_03	ILK
module_03	IMPACT
module_03	IMPDH1
module_03	IMPDH2
module_03	INPP5A
module_03	INPP5D
module_03	ISOC1
module_03	ITGA2B|ITGB3
module_03	ITGAV|ITGB5
module_03	ITPA
module_03	JAK2
module_03	JPT2
module_03	KATNAL1
module_03	KDM4C
module_03	KHDRBS2
module_03	KLC1
module_03	KLF9
module_03	L3HYPDH
module_03	LACTB2
module_03	LAMTOR3
module_03	LAP3
module_03	LAS2
module_03	LDHA
module_03	LDHB
module_03	LDLRAP1
module_03	LEMD1
module_03	LGALS7
module_03	LGALSL
module_03	LGMN
module_03	LIMK1
module_03	LIN7B
module_03	LMO4
module_03	LONP1
module_03	LRPAP1
module_03	LRRC59
module_03	LRRFIP2
module_03	LSM3
module_03	LTB4R
module_03	LY6G6C
module_03	LYN
module_03	LZIC
module_03	LZTFL1
module_03	MAD2L1BP
module_03	MAGED1
module_03	MAGOH
module_03	MAGOHB
module_03	MAP1LC3B
module_03	MAP2K5
module_03	MAP4K1
module_03	MAPK12
module_03	MAPRE3
module_03	MDH1
module_03	MDH2
module_03	MDP1
module_03	ME1
module_03	ME2
module_03	MED11
module_03	MED28
module_03	MED4
module_03	MESD
module_03	METTL26
module_03	MFN1
module_03	MIF
module_03	MMP1
module_03	MPIG6B
module_03	MPST
module_03	MRPL21
module_03	MRPL38
module_03	MRPL55
module_03	MRRF
module_03	MTHFD1
module_03	MTHFS
module_03	MVB12B
module_03	MVP
module_03	MYCT1
module_03	MYG1
module_03	MYL5
module_03	MYL6
module_03	NABP1
module_03	NAGK
module_03	NANS
module_03	NAP1L1
module_03	NARS1
module_03	NAT14
module_03	NAXE
module_03	NCK2
module_03	NCKIPSD
module_03	NDE1
module_03	NDEL1
module_03	NDRG3
module_03	NDUFAF3
module_03	NECAB3
module_03	NECAP2
module_03	NEDD8
module_03	NEK7
module_03	NHEJ1
module_03	NIT2
module_03	NKIRAS1
module_03	NME2
module_03	NMI
module_03	NMRAL1
module_03	NMRK1
module_03	NMS
module_03	NOG
module_03	NONO
module_03	NPL
module_03	NRGN
module_03	NSFL1C
module_03	NT5C
module_03	NUDC
module_03	NUDT12
module_03	NUDT16
module_03	NUDT21
module_03	NUDT3
module_03	OASL
module_03	OPHN1
module_03	OSBPL11
module_03	OSTF1
module_03	PA2G4
module_03	PABPC4
module_03	PABPN1
module_03	PAFAH1B2
module_03	PAFAH1B3
module_03	PAICS
module_03	PAK4
module_03	PAPSS1
module_03	PARVA
module_03	PCBP1
module_03	PCBP2
module_03	PCDH8
module_03	PCDHGA2
module_03	PCNP
module_03	PDCD5
module_03	PDE5A
module_03	PDGFD
module_03	PDIA4
module_03	PDIA5
module_03	PDK1
module_03	PDK2
module_03	PDLIM5
module_03	PDPK1
module_03	PDXP
module_03	PDYN
module_03	PEAR1
module_03	PF4
module_03	PFN1
module_03	PGLS
module_03	PGM2
module_03	PGPEP1
module_03	PGR
module_03	PGRMC1
module_03	PGRMC2
module_03	PICK1
module_03	PID1
module_03	PIK3CG
module_03	PIK3R1
module_03	PITPNA
module_03	PKD2
module_03	PLAAT4
module_03	PLBD1
module_03	PLEK
module_03	PLEKHA7
module_03	PLEKHF2
module_03	PLEKHO2
module_03	PLOD2
module_03	PLPBP
module_03	PMF1
module_03	PMM2
module_03	PMPCA
module_03	POLR2E
module_03	POLR2K
module_03	PPA1
module_03	PPA2
module_03	PPARA
module_03	PPFIA1
module_03	PPIA
module_03	PPIE
module_03	PPM1A
module_03	PPM1B
module_03	PPME1
module_03	PPP1CC
module_03	PPP1R9B
module_03	PPP2R1A
module_03	PPP2R5D
module_03	PPP3R1
module_03	PRDX1
module_03	PREP
module_03	PRKAA2|PRKAB2|PRKAG1
module_03	PRKACA
module_03	PRKCA
module_03	PRKCB
module_03	PRPF19
module_03	PRPS2
module_03	PRR16
module_03	PRTFDC1
module_03	PSMA7
module_03	PSMC5
module_03	PSMD4
module_03	PSMD9
module_03	PSMG3
module_03	PSPH
module_03	PTGR1
module_03	PTGR2
module_03	PTK2B
module_03	PTPA
module_03	PUDP
module_03	PWWP3A
module_03	PYGB
module_03	PYGL
module_03	QDPR
module_03	RAB11A
module_03	RAB13
module_03	RAB21
module_03	RAB35
module_03	RAB38
module_03	RAB3B
module_03	RAB3C
module_03	RAB4B
module_03	RAB5B
module_03	RAB5C
module_03	RAB6B
module_03	RAB7A
module_03	RAC2
module_03	RAD23A
module_03	RAD23B
module_03	RAD51D
module_03	RALB
module_03	RAN
module_03	RBBP6
module_03	RBM17
module_03	RBMS1
module_03	RCAN2
module_03	RDH16
module_03	RDX
module_03	REEP2
module_03	REXO2
module_03	RFFL
module_03	RGS10
module_03	RHOB
module_03	RHOC
module_03	RHOG
module_03	RHOQ
module_03	RILP
module_03	RMDN1
module_03	RNF114
module_03	RPL12
module_03	RPN1
module_03	RRM2B
module_03	RTP4
module_03	RUFY1
module_03	SCFD1
module_03	SCGB1D2
module_03	SCMH1
module_03	SCO1
module_03	SCP2
module_03	SELENOW
module_03	SEPHS1
module_03	SEPTIN11
module_03	SEPTIN5
module_03	SERPINB9
module_03	SH3BP2
module_03	SHMT2
module_03	SMAD4
module_03	SMS
module_03	SND1
module_03	SNRPE
module_03	SNRPG
module_03	SNTA1
module_03	SNTB1
module_03	SNX12
module_03	SNX15
module_03	SNX17
module_03	SNX27
module_03	SORD
module_03	SPART
module_03	SPAST
module_03	SPATA20
module_03	SPATC1L
module_03	SPOCK3
module_03	SQSTM1
module_03	SRC
module_03	SSNA1
module_03	SSU72
module_03	ST13
module_03	STARD10
module_03	STARD5
module_03	STARD7
module_03	STAT1
module_03	STK24
module_03	STX12
module_03	STX7
module_03	STX8
module_03	SUGT1
module_03	SUOX
module_03	SWAP70
module_03	SYT6
module_03	SYTL4
module_03	TAGLN2
module_03	TALDO1
module_03	TATDN1
module_03	TBC1D5
module_03	TBCB
module_03	TBCEL
module_03	TCEA1
module_03	TCEA2
module_03	TCEA3
module_03	TCF4
module_03	TCP1
module_03	TENM2
module_03	TES
module_03	THG1L
module_03	TIMM10
module_03	TIMM13
module_03	TIMP3
module_03	TIPRL
module_03	TKFC
module_03	TKT
module_03	TMEM59L
module_03	TMOD3
module_03	TNFRSF13C
module_03	TOR1AIP1
module_03	TPD52L2
module_03	TPM3
module_03	TPM4
module_03	TPP2
module_03	TREML1
module_03	TRIM21
module_03	TRIML1
module_03	TSEN34
module_03	TSN
module_03	TSSC4
module_03	TTC1
module_03	TTLL12
module_03	TWF1
module_03	TXNDC12
module_03	TXNRD1
module_03	UBA7
module_03	UBASH3B
module_03	UBB
module_03	UBC
module_03	UBE2D4
module_03	UBE2E1
module_03	UBE2E3
module_03	UBE2F
module_03	UBE2G1
module_03	UBE2H
module_03	UBE2I
module_03	UBE2J1
module_03	UBE2K
module_03	UBE2M
module_03	UBE2N
module_03	UBL5
module_03	UBQLN2
module_03	UBQLN3
module_03	UBQLN4
module_03	UFC1
module_03	UGDH
module_03	UGT1A1
module_03	UROD
module_03	UROS
module_03	USP15
module_03	USP30
module_03	UTP6
module_03	UXS1
module_03	VAC14
module_03	VAPA
module_03	VARS1
module_03	VASP
module_03	VAV1
module_03	VBP1
module_03	VCP
module_03	VIL1
module_03	VMAC
module_03	VPS26A
module_03	VPS29
module_03	VPS9D1
module_03	WFDC3
module_03	WNK3
module_03	WSCD2
module_03	YARS1
module_03	YJU2
module_03	YWHAB
module_03	YWHAE
module_03	YWHAG
module_03	YWHAH
module_03	YWHAQ
module_03	YWHAZ
module_03	ZFAND1
module_04	A4GALT
module_04	AARSD1
module_04	ACE2
module_04	ACHE
module_04	ACP3
module_04	ACVR2A
module_04	ACVRL1
module_04	ADA2
module_04	ADAM19
module_04	ADAM23
module_04	ADAMTS13
module_04	ADAMTS5
module_04	ADAMTSL1
module_04	ADGRB2
module_04	ADGRG1
module_04	ADH7
module_04	ADM
module_04	AGA
module_04	AGR3
module_04	ALDH3A1
module_04	ALDH3B1
module_04	AMIGO1
module_04	AMPH
module_04	ANKS3
module_04	ANTKMT
module_04	ANTXR1
module_04	ANXA13
module_04	AOC2
module_04	AOC3
module_04	APEX2
module_04	APLP2
module_04	APMAP
module_04	APOC2
module_04	ARPP21
module_04	ARRDC3
module_04	ASAH2
module_04	ASB8
module_04	ASPA
module_04	AXIN2
module_04	B4GALNT1
module_04	B4GALT2
module_04	BAG5
module_04	BAIAP2
module_04	BAMBI
module_04	BCL2L11
module_04	BCL2L2
module_04	BMP4
module_04	BMP5
module_04	BMP6
module_04	BPTF
module_04	BRAT1
module_04	BTN3A2
module_04	C19orf53
module_04	C1D
module_04	C1QL2
module_04	C1QTNF3
module_04	C1QTNF4
module_04	C20orf202
module_04	C2orf73
module_04	CA10
module_04	CA11
module_04	CA4
module_04	CADM2
module_04	CADM3
module_04	CAPS
module_04	CAV2
module_04	CAV3
module_04	CBLC
module_04	CBLN4
module_04	CCL15
module_04	CCL18
module_04	CCL19
module_04	CCL22
module_04	CD2
module_04	CD28
module_04	CD300C
module_04	CD300LG
module_04	CD320
module_04	CD44
module_04	CD5L
module_04	CD8A
module_04	CD93
module_04	CDA
module_04	CDCP1
module_04	CDH1
module_04	CDH10
module_04	CDH11
module_04	CDHR3
module_04	CDNF
module_04	CDON
module_04	CEACAM20
module_04	CFD
module_04	CFL2
module_04	CHAD
module_04	CHGA
module_04	CHGB
module_04	CHIT1
module_04	CHST9
module_04	CHTF8
module_04	CLEC4C
module_04	CLEC6A
module_04	CLMP
module_04	CLN5
module_04	CLUH
module_04	CNTN1
module_04	COL11A2
module_04	COL13A1
module_04	COL15A1
module_04	COL18A1
module_04	COL28A1
module_04	COL2A1
module_04	COL5A1
module_04	COL6A1
module_04	COL6A3
module_04	COL9A1
module_04	COL9A3
module_04	COMP
module_04	COQ6
module_04	CPA4
module_04	CPQ
module_04	CR1
module_04	CR2
module_04	CRABP2
module_04	CRYGS
module_04	CSF1R
module_04	CSF2RB
module_04	CSPG4
module_04	CST2
module_04	CST5
module_04	CST6
module_04	CTH
module_04	CTSB
module_04	CTSK
module_04	CXCL9
module_04	CYTIP
module_04	DCC
module_04	DCLK1
module_04	DCT
module_04	DCUN1D1
module_04	DCUN1D2
module_04	DDR2
module_04	DEFA5
module_04	DEFB104A
module_04	DEFB115
module_04	DHRS3
module_04	DLK1
module_04	DLK2
module_04	DNAJC11
module_04	DPP10
module_04	DPYSL4
module_04	DSC2
module_04	DSCAM
module_04	DSCAML1
module_04	DSCC1
module_04	DSG1
module_04	DYNLT1
module_04	EDA2R
module_04	EDAR
module_04	EDN2
module_04	EFNA2
module_04	EFNA4
module_04	EFNA5
module_04	EFNB1
module_04	EFS
module_04	EHF
module_04	EIF4A3
module_04	ELAVL2
module_04	ELL2
module_04	ENDOU
module_04	EPHA2
module_04	EPHA5
module_04	EPHA6
module_04	EPHB1
module_04	EPHB3
module_04	EPOR
module_04	ERCC4
module_04	EXOC7
module_04	F3
module_04	FABP4
module_04	FAM209B
module_04	FAM20B
module_04	FAM3D
module_04	FAM86B1
module_04	FBLN7
module_04	FCRL1
module_04	FCRL3
module_04	FGF23
module_04	FJX1
module_04	FLRT2
module_04	FTMT
module_04	FUT7
module_04	FZD1
module_04	G0S2
module_04	GAA
module_04	GAGE12F
module_04	GALNT13
module_04	GALNT14
module_04	GALNT16
module_04	GAS7
module_04	GDF11
module_04	GH2
module_04	GHR
module_04	GLT8D2
module_04	GLTP
module_04	GPNMB
module_04	GPR135
module_04	GPX2
module_04	GRIA4
module_04	GRIK2
module_04	GUCA2B
module_04	GZMA
module_04	GZMB
module_04	HERC1
module_04	HGFAC
module_04	HIBADH
module_04	HJV
module_04	HS3ST1
module_04	HS3ST3B1
module_04	HTN1
module_04	HTR2A
module_04	IAPP
module_04	IARS1
module_04	ICAM2
module_04	IFNA2
module_04	IFNA5
module_04	IFNAR1
module_04	IFNLR1
module_04	IFNW1
module_04	IGDCC4
module_04	IGF1R
module_04	IGF2R
module_04	IGFALS
module_04	IGFBP3
module_04	IGFBP5
module_04	IGFBP6
module_04	IGFLR1
module_04	IGLL1
module_04	IGSF3
module_04	IK
module_04	IL12B
module_04	IL12B|IL23A
module_04	IL13
module_04	IL17F
module_04	IL17RD
module_04	IL19
module_04	IL2RB
module_04	IL34
module_04	IL36A
module_04	IL4
module_04	IL6ST
module_04	INHBC
module_04	INSL5
module_04	INSR
module_04	ISL1
module_04	ITGA4|ITGB1
module_04	ITGAV|ITGB1
module_04	ITGB6
module_04	ITLN1
module_04	JAM2
module_04	KIN
module_04	KIR2DL5A
module_04	KIR2DS4
module_04	KIRREL1
module_04	KISS1
module_04	KIT
module_04	KITLG
module_04	KLHL3
module_04	KLK10
module_04	KLK11
module_04	KLK14
module_04	KLK6
module_04	KLK8
module_04	KLK9
module_04	KLKB1
module_04	KLRB1
module_04	KMT2C
module_04	KNG1
module_04	KRT34
module_04	L1CAM
module_04	LCE3C
module_04	LDHC
module_04	LDLRAD3
module_04	LDOC1
module_04	LECT2
module_04	LEFTY2
module_04	LEP
module_04	LGR5
module_04	LHCGR
module_04	LIFR
module_04	LINGO1
module_04	LIPN
module_04	LRCH4
module_04	LRFN4
module_04	LRIG3
module_04	LRRC15
module_04	LRRC24
module_04	LRRC3
module_04	LRRC4C
module_04	LSP1
module_04	LTF
module_04	LYVE1
module_04	MACROD1
module_04	MAGEA4
module_04	MAGEA8
module_04	MAN2B2
module_04	MANSC4
module_04	MAPK6
module_04	MAPKAPK5
module_04	MATN2
module_04	MBL2
module_04	MCTS1
module_04	MDGA2
module_04	MDM4
module_04	MEIG1
module_04	MFAP2
module_04	MFAP4
module_04	MIA
module_04	MICOS10
module_04	MMP12
module_04	MMP16
module_04	MMP3
module_04	MPDZ
module_04	MPP2
module_04	MPP5
module_04	MRPL58
module_04	MSMP
module_04	MUCL1
module_04	MUTYH
module_04	MXRA7
module_04	MYC
module_04	MYOC
module_04	NAGS
module_04	NBL1
module_04	NECTIN1
module_04	NECTIN2
module_04	NEDD9
module_04	NEGR1
module_04	NELL1
module_04	NELL2
module_04	NETO1
module_04	NMNAT1
module_04	NOTCH3
module_04	NPEPL1
module_04	NPM2
module_04	NPPB
module_04	NPW
module_04	NQO1
module_04	NRAC
module_04	NRG3
module_04	NRG4
module_04	NRXN1
module_04	NRXN3
module_04	NTRK2
module_04	NUP210L
module_04	NUP98
module_04	OLIG1
module_04	OOSP2
module_04	OSTN
module_04	P4HA1
module_04	PALM
module_04	PAPPA
module_04	PCDHGA1
module_04	PCOLCE2
module_04	PCP4L1
module_04	PCSK1
module_04	PCSK1N
module_04	PDE4A
module_04	PENK
module_04	PGLYRP1
module_04	PHF6
module_04	PHOSPHO1
module_04	PIM2
module_04	PITPNM3
module_04	PLA2R1
module_04	PLD5
module_04	PLEKHB1
module_04	PLEKHM2
module_04	PNOC
module_04	POU2F1
module_04	PPIC
module_04	PRIM1
module_04	PROCR
module_04	PRRX1
module_04	PRSS22
module_04	PRSS27
module_04	PSG3
module_04	PSG4
module_04	PSG9
module_04	PSMD7
module_04	PSTPIP1
module_04	PTGDS
module_04	PTHLH
module_04	PTPRS
module_04	PTPRU
module_04	PTTG1
module_04	PYDC1
module_04	RAB37
module_04	RAP2A
module_04	RBM23
module_04	REG4
module_04	RGMA
module_04	RGN
module_04	RGS16
module_04	RGS3
module_04	RHEX
module_04	RHPN2
module_04	RLBP1
module_04	ROBO3
module_04	ROR1
module_04	ROR2
module_04	RPP25L
module_04	RPSA
module_04	RSRP1
module_04	SAG
module_04	SAP30L
module_04	SAR1B
module_04	SCAND1
module_04	SCARA3
module_04	SCARA5
module_04	SCARB2
module_04	SCGB3A1
module_04	SCIN
module_04	SCN2B
module_04	SCN3B
module_04	SCT
module_04	SDCBP
module_04	SELENOM
module_04	SEMA5B
module_04	SENP1
module_04	SENP7
module_04	SERPINA6
module_04	SERPINA9
module_04	SERPINB13
module_04	SERPINB4
module_04	SET
module_04	SEZ6L
module_04	SGK1
module_04	SH2D1A
module_04	SIGLEC11
module_04	SIL1
module_04	SIRPG
module_04	SKA1
module_04	SLAMF8
module_04	SLAMF9
module_04	SLC25A38
module_04	SLITRK1
module_04	SLITRK4
module_04	SMIM3
module_04	SMR3A
module_04	SOX2
module_04	SPAG11B
module_04	SPATA22
module_04	SPINK4
module_04	SPINK5
module_04	SPINK6
module_04	SPOCK2
module_04	SPTAN1
module_04	SSB
module_04	SSRP1
module_04	STAP1
module_04	STX1A
module_04	TAC1
module_04	TAF12
module_04	TAFA3
module_04	TAFA5
module_04	TAGLN
module_04	TAPBPL
module_04	TBX5
module_04	TCAP
module_04	TCEAL7
module_04	TCTN2
module_04	TDP1
module_04	TFF2
module_04	TFF3
module_04	TGFBR3
module_04	THAP4
module_04	THBS2
module_04	THTPA
module_04	TIE1
module_04	TIMP2
module_04	TLNRD1
module_04	TLR4|LY96
module_04	TMED9
module_04	TMEFF1
module_04	TMEM108
module_04	TMEM25
module_04	TMEM52B
module_04	TMEM8B
module_04	TNFRSF11A
module_04	TNFRSF14
module_04	TNFRSF17
module_04	TNFRSF19
module_04	TNFRSF4
module_04	TNFRSF9
module_04	TNFSF4
module_04	TNFSF8
module_04	TREX2
module_04	TYRP1
module_04	UBE2B
module_04	UGT2B15
module_04	UNC5B
module_04	UNC5D
module_04	UNG
module_04	VAMP3
module_04	VIT
module_04	VWC2
module_04	WFDC10A
module_04	WFDC5
module_04	WNT3A
module_04	XAGE2
module_04	XG
module_04	XXYLT1
module_04	XYLT2
module_04	YIPF6
module_04	YTHDC1
module_04	ZHX2
module_04	ZNF23
module_04	ZNF230
module_04	ZNF334
module_04	ZNF75D
module_04	ZNF843
module_05	A1CF
module_05	ABHD12
module_05	ACAN
module_05	ACVR2B
module_05	ADAM12
module_05	ADAM29
module_05	ADGRF5
module_05	AFP
module_05	ALK
module_05	ALKBH2
module_05	ANAPC7
module_05	ANGPTL4
module_05	ANKRD1
module_05	APCDD1
module_05	AREG
module_05	ARSB
module_05	ART4
module_05	ASH2L
module_05	ATF6B
module_05	AURKB
module_05	AZU1
module_05	B3GALT1
module_05	BAG4
module_05	BEX2
module_05	BIRC5
module_05	BIRC7
module_05	BLMH
module_05	BMP10
module_05	BMP15
module_05	BMP2
module_05	BMP7
module_05	BRD1
module_05	BRD4
module_05	BSG
module_05	C10orf105
module_05	C17orf78
module_05	C1QA|C1QB|C1QC
module_05	C1QL4
module_05	CA3
module_05	CA9
module_05	CALN1
module_05	CALR
module_05	CASQ2
module_05	CBARP
module_05	CCL20
module_05	CCL21
module_05	CCL24
module_05	CCL28
module_05	CCNA1
module_05	CCNB1
module_05	CCNH
module_05	CD300E
module_05	CD4
module_05	CD81
module_05	CD99L2
module_05	CDHR1
module_05	CEACAM21
module_05	CER1
module_05	CERS5
module_05	CFHR3
module_05	CGA
module_05	CHST1
module_05	CHST10
module_05	CHST12
module_05	CHST15
module_05	CHST2
module_05	CHST3
module_05	CHST4
module_05	CHST6
module_05	CLEC1A
module_05	CLEC2L
module_05	CMTR1
module_05	CNEP1R1
module_05	COL23A1
module_05	COLEC11
module_05	COQ5
module_05	CPE
module_05	CPLX3
module_05	CREB3L1
module_05	CRISP2
module_05	CSF3R
module_05	CST4
module_05	CTSD
module_05	CTSF
module_05	CTSH
module_05	CUBN
module_05	CX3CL1
module_05	CXCL8
module_05	DEFB103A
module_05	DEFB116
module_05	DEFB118
module_05	DHH
module_05	DIDO1
module_05	DKK3
module_05	DOCK9
module_05	DPPA4
module_05	DRGX
module_05	DUSP23
module_05	DVL2
module_05	EDA
module_05	EGFLAM
module_05	EMC10
module_05	EMC4
module_05	ENPP7
module_05	EPHA8
module_05	ERAP2
module_05	ESM1
module_05	EXOSC3
module_05	FAAH2
module_05	FABP6
module_05	FAM162B
module_05	FAM171A2
module_05	FAM24B
module_05	FAM92A
module_05	FANCL
module_05	FATE1
module_05	FAXDC2
module_05	FCGRT
module_05	FCN3
module_05	FGF18
module_05	FGF3
module_05	FGF4
module_05	FGF7
module_05	FGFBP1
module_05	FGFBP3
module_05	FGFR3
module_05	FGFRL1
module_05	FLT1
module_05	FREM2
module_05	FRZB
module_05	FST
module_05	FSTL5
module_05	FUCA1
module_05	GALNT3
module_05	GAPDHS
module_05	GBA
module_05	GCNT1
module_05	GDF3
module_05	GDF7
module_05	GDNF
module_05	GEMIN6
module_05	GFRA1
module_05	GH1
module_05	GNPTG
module_05	GPC3
module_05	GRB7
module_05	GREM1
module_05	GREM2
module_05	GSTT1
module_05	GUCA1A
module_05	GYG2
module_05	GZMH
module_05	GZMM
module_05	HDGFL1
module_05	HDGFL2
module_05	HGF
module_05	HHIP
module_05	HNRNPC
module_05	HOXA5
module_05	HS3ST4
module_05	HS6ST1
module_05	HS6ST3
module_05	HSH2D
module_05	HYAL1
module_05	IBSP
module_05	ICAM1
module_05	ID2
module_05	IDI2
module_05	IFNL2
module_05	IGDCC3
module_05	IGFBPL1
module_05	IL11
module_05	IL12RB1
module_05	IL15RA
module_05	IL17D
module_05	IL18R1
module_05	IL18RAP
module_05	IL31RA
module_05	IL6
module_05	IL6R
module_05	IL7R
module_05	INHA|INHBA
module_05	INTS3
module_05	ITGA11
module_05	JAG2
module_05	JCHAIN
module_05	JOSD1
module_05	JPH1
module_05	KCNF1
module_05	KCNN1
module_05	KEAP1
module_05	KEL
module_05	KIAA2013
module_05	KIF23
module_05	KLB
module_05	KLF4
module_05	KLK4
module_05	KLRF1
module_05	LACC1
module_05	LCN1
module_05	LDB1
module_05	LIN28B
module_05	LMNB1
module_05	LPO
module_05	LY6G6D
module_05	MASP1
module_05	MB
module_05	MDK
module_05	MDM1
module_05	MEOX2
module_05	MET
module_05	METTL1
module_05	MGAT3
module_05	MICA
module_05	MICU3
module_05	MINAR1
module_05	MKX
module_05	MNAT1
module_05	MNX1
module_05	MPO
module_05	MRAP
module_05	MRFAP1L1
module_05	MTMR6
module_05	MYBPC3
module_05	NARF
module_05	NDUFB8
module_05	NETO2
module_05	NFATC4
module_05	NLGN1
module_05	NLGN4X
module_05	NLRP4
module_05	NOMO2
module_05	NOP16
module_05	NOS3
module_05	NPIPB3
module_05	NPPC
module_05	NR1H4
module_05	NR3C2
module_05	NRG2
module_05	NRIP3
module_05	NUDCD3
module_05	OAS1
module_05	OMD
module_05	OPALIN
module_05	PAEP
module_05	PAK5
module_05	PARP11
module_05	PAX8
module_05	PCDH17
module_05	PCDHB1
module_05	PCSK9
module_05	PCYOX1L
module_05	PDGFRA
module_05	PDGFRL
module_05	PES1
module_05	PGM5
module_05	PIAS3
module_05	PIH1D2
module_05	PILRA
module_05	PIM1
module_05	PLA2G5
module_05	PLAAT3
module_05	PLXNB2
module_05	PMM1
module_05	POLD4
module_05	POLR2C
module_05	PON1
module_05	POTEG
module_05	PPCDC
module_05	PRDX4
module_05	PRSS2
module_05	PRSS57
module_05	PRSS8
module_05	PSMA6
module_05	PSME3
module_05	PTH2
module_05	PTK7
module_05	PTN
module_05	PTPMT1
module_05	PTPN2
module_05	QSOX2
module_05	RARRES1
module_05	RBM19
module_05	RBP1
module_05	RETN
module_05	RND1
module_05	RNF34
module_05	ROGDI
module_05	RSPO1
module_05	RSPO2
module_05	RSPO3
module_05	RTF1
module_05	RXRA
module_05	SCAMP5
module_05	SCUBE1
module_05	SCUBE3
module_05	SEC61B
module_05	SEMA3B
module_05	SEMA6A
module_05	SEMA6B
module_05	SEMA7A
module_05	SEPTIN3
module_05	SERPINB3
module_05	SEZ6L2
module_05	SFRP1
module_05	SFRP5
module_05	SIGLEC1
module_05	SIGLEC9
module_05	SKP1
module_05	SLC16A3
module_05	SLC25A18
module_05	SLC26A5
module_05	SLIT2
module_05	SMCO2
module_05	SMIM13
module_05	SMOC1
module_05	SMOC2
module_05	SNAI2
module_05	SORBS3
module_05	SORCS1
module_05	SOX10
module_05	SPANXN4
module_05	SPON1
module_05	SPP1
module_05	SSTR1
module_05	ST6GAL1
module_05	ST8SIA6
module_05	STAB2
module_05	STAC
module_05	STC1
module_05	STK17B
module_05	STOM
module_05	SUDS3
module_05	SULT1C4
module_05	SULT4A1
module_05	SYT12
module_05	SYT17
module_05	SYT9
module_05	TAFA4
module_05	TBC1D28
module_05	TBK1
module_05	TCN1
module_05	TEAD4
module_05	TEF
module_05	TEN1
module_05	TFPI
module_05	TFPI2
module_05	TGFB2
module_05	TIPIN
module_05	TLR4
module_05	TMEM70
module_05	TMPRSS15
module_05	TNFRSF10B
module_05	TNFRSF11B
module_05	TNFSF12
module_05	TNNI3
module_05	TRPT1
module_05	TSLP
module_05	TST
module_05	UBTD2
module_05	UGT1A6
module_05	ULBP1
module_05	ULBP3
module_05	UMOD
module_05	USP28
module_05	VAMP2
module_05	VEGFC
module_05	VNN2
module_05	VTN
module_05	WFDC6
module_05	WFIKKN1
module_05	YJEFN3
module_05	ZHX1
module_05	ZKSCAN7
module_05	ZNF10
module_05	ZNF415
module_05	ZNF580
module_05	ZNF774
module_06	AADAT
module_06	ABHD14A
module_06	ABL2
module_06	ADAMTS6
module_06	ADPRH
module_06	AHCY
module_06	AKAP7
module_06	ALDH7A1
module_06	ANAPC10
module_06	ANKRD45
module_06	ARHGDIA
module_06	ARL15
module_06	ARL5B
module_06	ARMC5
module_06	ARSK
module_06	ASCC1
module_06	ASF1A
module_06	ASF1B
module_06	ASIC4
module_06	ASRGL1
module_06	ATAD1
module_06	ATP5PF
module_06	BAGE2
module_06	BGLAP
module_06	BLOC1S3
module_06	BLOC1S5
module_06	BMP1
module_06	BPIFA1
module_06	BRF1
module_06	BRPF1
module_06	BRSK2
module_06	BUD31
module_06	C1QTNF9
module_06	C20orf173
module_06	C7orf69
module_06	CBX1
module_06	CBX7
module_06	CCDC149
module_06	CCL26
module_06	CCNE1
module_06	CDC42BPB
module_06	CEACAM3
module_06	CEP43
module_06	CFDP1
module_06	CGREF1
module_06	CHST11
module_06	CLCA2
module_06	CLEC11A
module_06	CLEC2D
module_06	CLPSL1
module_06	CLTA
module_06	CLTC
module_06	COA3
module_06	CPD
module_06	CPN1
module_06	CPNE7
module_06	CREBBP
module_06	CRIPT
module_06	CRYBB1
module_06	CST7
module_06	CTRL
module_06	CWF19L1
module_06	CXCL14
module_06	CYB5R1
module_06	CYREN
module_06	CYRIB
module_06	DBNDD2
module_06	DCAF5
module_06	DCBLD1
module_06	DCPS
module_06	DCTPP1
module_06	DDX39B
module_06	DDX58
module_06	DESI1
module_06	DHX58
module_06	DIMT1
module_06	DIPK1C
module_06	DNPH1
module_06	DPY30
module_06	EFEMP1
module_06	EGLN1
module_06	ENGASE
module_06	ERCC1
module_06	FAM50A
module_06	FBLIM1
module_06	FBLN5
module_06	FDPS
module_06	FGA|FGB|FGG
module_06	FGG
module_06	FKBP4
module_06	FN1
module_06	FNDC4
module_06	FOXJ2
module_06	FTHL17
module_06	GABARAP
module_06	GABARAPL1
module_06	GALNT11
module_06	GDA
module_06	GDF10
module_06	GIPC1
module_06	GLA
module_06	GNAS
module_06	GPR26
module_06	GRAMD2B
module_06	GRK5
module_06	GTF2B
module_06	GTF2E2
module_06	GTF2I
module_06	H1-10
module_06	H1-2
module_06	H2AC1
module_06	H2AC11
module_06	H2AW
module_06	H2AZ1
module_06	H2BC12
module_06	H2BC21
module_06	H2BU1
module_06	H3C1
module_06	HAT1
module_06	HBD
module_06	HCCS
module_06	HDAC4
module_06	HDGF
module_06	HECW2
module_06	HINT1
module_06	HIRIP3
module_06	HMG20A
module_06	HMGB1
module_06	HMOX2
module_06	HNRNPA1
module_06	HNRNPA2B1
module_06	HNRNPD
module_06	HNRNPLL
module_06	HNRNPR
module_06	HOMER3
module_06	HRK
module_06	HS3ST3A1
module_06	HSF1
module_06	HSPA2
module_06	HSPA6
module_06	HSPA8
module_06	IER3
module_06	IFI16
module_06	IFIT3
module_06	IGSF11
module_06	IL2RG
module_06	INHA
module_06	ITGA6
module_06	ITIH3
module_06	ITIH4
module_06	ITM2A
module_06	JPT1
module_06	KCNAB2
module_06	KCTD17
module_06	KDM8
module_06	KHK
module_06	KHSRP
module_06	KIAA1143
module_06	KIF16B
module_06	KIR2DL1
module_06	KLHL2
module_06	KMT2D
module_06	KREMEN2
module_06	KRT17
module_06	KRT19
module_06	KRT6A
module_06	KYNU
module_06	LBP
module_06	LDLRAD4
module_06	LRATD2
module_06	LRP2
module_06	LRP5
module_06	LRRC74A
module_06	LSM12
module_06	LST1
module_06	LTA4H
module_06	MAD1L1
module_06	MAD2L1
module_06	MAFG
module_06	MAT2B
module_06	MCEMP1
module_06	MEP1A
module_06	METAP1D
module_06	METTL3
module_06	MMP13
module_06	MPG
module_06	MRAS
module_06	MRTO4
module_06	MSRB2
module_06	MX1
module_06	NAB1
module_06	NAB2
module_06	NARS2
module_06	NCL
module_06	NDP
module_06	NDUFA2
module_06	NDUFV2
module_06	NELFE
module_06	NHLRC2
module_06	NID1
module_06	NID2
module_06	NISCH
module_06	NOSIP
module_06	NPM1
module_06	NUDCD2
module_06	NUDT5
module_06	NUDT9
module_06	NXF1
module_06	OGFR
module_06	OLFM3
module_06	P3H1
module_06	PAPPA2
module_06	PBK
module_06	PBRM1
module_06	PCDHGC3
module_06	PCNA
module_06	PDE4C
module_06	PDXK
module_06	PECR
module_06	PFDN2
module_06	PFDN4
module_06	PFDN5
module_06	PFN4
module_06	PGLYRP4
module_06	PHPT1
module_06	PI15
module_06	PKDCC
module_06	PLA2G2A
module_06	PLAT
module_06	PLCD3
module_06	PLOD3
module_06	PLS1
module_06	PML
module_06	POLE3
module_06	PON2
module_06	PPIB
module_06	PPP4R3A
module_06	PRLH
module_06	PRNP
module_06	PSENEN
module_06	PSIP1
module_06	PSMA1
module_06	PTH1R
module_06	RAB2B
module_06	RAB39B
module_06	RACK1
module_06	RAD1
module_06	RANBP3
module_06	RBBP4
module_06	RBBP5
module_06	RBL2
module_06	RBM18
module_06	RFXAP
module_06	RMI1
module_06	RNASEH1
module_06	RNF141
module_06	RNF24
module_06	RPA2
module_06	RPIA
module_06	RPL11
module_06	RPL26L1
module_06	RPL30
module_06	RPL5
module_06	RPRD1A
module_06	RPRD1B
module_06	RPS14
module_06	RPS19
module_06	RPS20
module_06	RPS27A
module_06	RPS3
module_06	RPS3A
module_06	RPS4X
module_06	RPS5
module_06	RPS7
module_06	RUNX3
module_06	RYBP
module_06	SAA2
module_06	SAMSN1
module_06	SAP18
module_06	SATB1
module_06	SCGB2A1
module_06	SELENOH
module_06	SERF1A
module_06	SERPINA10
module_06	SERPINA3
module_06	SERPINE2
module_06	SF1
module_06	SF3B6
module_06	SIRPB2
module_06	SIRT6
module_06	SLBP
module_06	SMC3
module_06	SMN1
module_06	SNCG
module_06	SNRPA
module_06	SNRPA1
module_06	SNRPB2
module_06	SNRPC
module_06	SNRPD2
module_06	SNX3
module_06	SOD1
module_06	SPA17
module_06	SPAG7
module_06	SPDEF
module_06	SPECC1
module_06	SRA1
module_06	SRP19
module_06	SRXN1
module_06	ST3GAL2
module_06	ST6GALNAC1
module_06	STAU1
module_06	STK3
module_06	STMN1
module_06	STMN2
module_06	STMN3
module_06	STMN4
module_06	SUB1
module_06	TAF15
module_06	TBPL1
module_06	TCEAL3
module_06	TCEAL5
module_06	TEX30
module_06	TGFB1
module_06	TGFBR2
module_06	THOC1
module_06	THRA
module_06	TIFA
module_06	TINAGL1
module_06	TLE5
module_06	TMCC3
module_06	TMPO
module_06	TMX1
module_06	TNNT3
module_06	TP53I13
module_06	TRIB2
module_06	TRIM28
module_06	TXNL4A
module_06	UBE2Z
module_06	UCN3
module_06	UGP2
module_06	UPP1
module_06	UTS2B
module_06	VIM
module_06	VSIG2
module_06	WARS1
module_06	WARS2
module_06	WDR5
module_06	WFDC8
module_06	WNT11
module_06	XRCC4
module_06	XRCC6
module_06	YARS2
module_06	YBX1
module_06	YBX2
module_06	YEATS4
module_06	YES1
module_06	ZBTB16
module_06	ZFAND5
module_06	ZNF175
module_06	ZNF264
module_06	ZNF560
module_06	ZPBP
module_07	ACTN2
module_07	ADI1
module_07	ADSS2
module_07	AGER
module_07	AGT
module_07	ALDH1A2
module_07	ALOX15B
module_07	APBB1IP
module_07	APCS
module_07	APOBEC2
module_07	APOL2
module_07	ARHGAP36
module_07	ASB9
module_07	ATP13A1
module_07	BAG3
module_07	BIN1
module_07	BLNK
module_07	BOLA1
module_07	C1GALT1C1
module_07	C1QL1
module_07	C3
module_07	CAPG
module_07	CAPN2
module_07	CARD19
module_07	CAT
module_07	CBR1
module_07	CCL23
module_07	CCL7
module_07	CCN1
module_07	CCNA2
module_07	CD163
module_07	CD248
module_07	CDC42EP4
module_07	CDH15
module_07	CDK2|CCNA2
module_07	CEBPA
module_07	CETP
module_07	CFHR2
module_07	CHCHD10
module_07	CLIC3
module_07	CLSTN3
module_07	CMC4
module_07	COA4
module_07	CRIM1
module_07	CRK
module_07	CTSC
module_07	CUTC
module_07	CXCL10
module_07	CYB5A
module_07	CYB5R2
module_07	DBI
module_07	DHX8
module_07	DNASE1L2
module_07	DRAP1
module_07	EBI3
module_07	EFNA1
module_07	EHD2
module_07	ELK1
module_07	EPHA10
module_07	EPS8L2
module_07	ETHE1
module_07	EVPL
module_07	EWSR1
module_07	EXOSC5
module_07	FAM241B
module_07	FCGR3B
module_07	FCRL5
module_07	FGL1
module_07	FLRT3
module_07	FOSL2
module_07	FSCN1
module_07	FSTL3
module_07	FTH1|FTL
module_07	FTL
module_07	FTO
module_07	FURIN
module_07	FUT3
module_07	FUT5
module_07	GAL3ST1
module_07	GBP1
module_07	GCH1
module_07	GCHFR
module_07	GGCT
module_07	GIMAP4
module_07	GIMAP6
module_07	GINS1
module_07	GNGT2
module_07	GNPDA1
module_07	GNRH1
module_07	GOLM2
module_07	GSR
module_07	GSS
module_07	GTF2F2
module_07	HAMP
module_07	HDGFL3
module_07	HK3
module_07	HLA-G
module_07	HMOX1
module_07	HNMT
module_07	HOGA1
module_07	HOPX
module_07	HP
module_07	HPSE
module_07	HSPA1A
module_07	HSPA1B
module_07	HSPB6
module_07	IFIT2
module_07	IFT20
module_07	IGFBP2
module_07	IGHE
module_07	IGHM
module_07	IL12A|EBI3
module_07	IL16
module_07	IL18
module_07	IL1R2
module_07	IL1RL1
module_07	IL21R
module_07	ILF3
module_07	INA
module_07	ISG15
module_07	ITGB7
module_07	JUND
module_07	KREMEN1
module_07	KRT1
module_07	KRT7
module_07	LCP1
module_07	LGALS9
module_07	LIN7A
module_07	LIPG
module_07	LMNB2
module_07	LPL
module_07	LRRC20
module_07	MAN1A2
module_07	MAN1C1
module_07	MAP3K3
module_07	MAPK13
module_07	MARCKSL1
module_07	MARVELD2
module_07	MATN3
module_07	MCL1
module_07	METTL2B
module_07	MFAP5
module_07	MICB
module_07	MLN
module_07	MPPED2
module_07	MRC1
module_07	MSRB1
module_07	MYBPC2
module_07	MYL3
module_07	MYL6B
module_07	MYLPF
module_07	MYOM2
module_07	MYOM3
module_07	NADK
module_07	NAMPT
module_07	NCF1
module_07	NCF2
module_07	NDRG1
module_07	NDUFAF5
module_07	NEFL
module_07	NELFA
module_07	NEUROG3
module_07	NGDN
module_07	NPTX1
module_07	NPTX2
module_07	NRG1
module_07	NTN4
module_07	NUCB1
module_07	NXT1
module_07	NXT2
module_07	OIT3
module_07	PABPC3
module_07	PCBD1
module_07	PCDH1
module_07	PCSK2
module_07	PDE1B
module_07	PDLIM3
module_07	PEA15
module_07	PFDN1
module_07	PGA4
module_07	PIGR
module_07	PLA1A
module_07	PLAAT2
module_07	PLCD1
module_07	PLTP
module_07	PLXDC1
module_07	POLR2J2
module_07	PPP1R10
module_07	PPP1R1A
module_07	PQBP1
module_07	PRKAR1A
module_07	PRTN3
module_07	PRX
module_07	PSMB4
module_07	PSPC1
module_07	PUF60
module_07	PYCARD
module_07	RBFOX1
module_07	RBFOX2
module_07	RBM39
module_07	RELB
module_07	RFK
module_07	RFX5
module_07	RNASE10
module_07	RNPEP
module_07	RPLP2
module_07	RRAD
module_07	S100A10
module_07	S100A12
module_07	SAA1
module_07	SAA4
module_07	SAE1|UBA2
module_07	SEMA4A
module_07	SENP8
module_07	SERPINA1
module_07	SERPINB2
module_07	SERPINB8
module_07	SERPINF2
module_07	SFN
module_07	SFTPB
module_07	SHD
module_07	SLAMF6
module_07	SLAMF7
module_07	SMURF1
module_07	SNRNP25
module_07	SNU13
module_07	SPARCL1
module_07	SRM
module_07	SRSF6
module_07	SRSF7
module_07	STX3
module_07	SUMF2
module_07	SUMO2
module_07	SUMO3
module_07	SUMO4
module_07	TCEAL2
module_07	TCEAL4
module_07	TCF21
module_07	THOP1
module_07	TIMD4
module_07	TIMP1
module_07	TLR2
module_07	TNFRSF6B
module_07	TNNI2
module_07	TNNT2
module_07	TRA2B
module_07	TRIM72
module_07	TSEN15
module_07	TTN
module_07	UNC93B1
module_07	VEGFA
module_07	VSIG4
module_07	VWA1
module_07	WFIKKN2
module_07	XPO5
module_07	YAP1
module_07	ZBP1
module_08	A1BG
module_08	ABCD4
module_08	ABI3
module_08	ACP5
module_08	ADAMDEC1
module_08	ADAMTS1
module_08	ADGRG5
module_08	AGRN
module_08	AMIGO2
module_08	ANGPT4
module_08	ANXA8
module_08	AOC1
module_08	ARG1
module_08	ARID3A
module_08	ATF1
module_08	B3GNT2
module_08	B4GALT3
module_08	BCCIP
module_08	BCL2
module_08	BDH2
module_08	BGN
module_08	BMERB1
module_08	BMP3
module_08	BMPER
module_08	BOC
module_08	C12orf65
module_08	C18orf32
module_08	C19orf54
module_08	CALCOCO2
module_08	CATIP
module_08	CBX5
module_08	CCDC140
module_08	CCDC90B
module_08	CCL2
module_08	CCL25
module_08	CD1D
module_08	CD22
module_08	CD40LG
module_08	CD47
module_08	CD58
module_08	CDK1|CCNB1
module_08	CEACAM16
module_08	CEACAM8
module_08	CELF2
module_08	CETN1
module_08	CHI3L1
module_08	CISD1
module_08	CLEC7A
module_08	CLSTN2
module_08	CMA1
module_08	CNTN5
module_08	CRLF2
module_08	CRYBB2
module_08	CT83
module_08	CTSG
module_08	CXCL13
module_08	DBNDD1
module_08	DCN
module_08	DEFA1
module_08	DEFA3
module_08	DOHH
module_08	DYRK2
module_08	EEF1B2
module_08	EFNB3
module_08	EIF1AX
module_08	EIF4EBP2
module_08	ELANE
module_08	ENTPD3
module_08	EPDR1
module_08	ERBB2
module_08	ETNK1
module_08	F10
module_08	F9
module_08	FBL
module_08	FCAR
module_08	FCGR1A
module_08	FCRL2
module_08	FCRL6
module_08	FDCSP
module_08	FGF12
module_08	FGF16
module_08	FGF19
module_08	FGF22
module_08	FGF5
module_08	FGF8
module_08	GALNT10
module_08	GCKR
module_08	GDF2
module_08	GDF9
module_08	GFRA3
module_08	GK5
module_08	GLCE
module_08	GLTPD2
module_08	GPC6
module_08	GPHA2
module_08	GUCD1
module_08	HAGHL
module_08	HIKESHI
module_08	HMGA2
module_08	HMGB2
module_08	HMGN3
module_08	HS6ST2
module_08	HSPG2
module_08	ICAM3
module_08	IL10RA
module_08	IL1B
module_08	IL1RAPL2
module_08	IL2
module_08	IL22RA1
module_08	IL24
module_08	IL5RA
module_08	IRF4
module_08	IRF8
module_08	ITGA5|ITGB1
module_08	ITGAL
module_08	ITGB5
module_08	KBTBD11
module_08	KIF22
module_08	KLHL14
module_08	LCTL
module_08	LILRB2
module_08	LIPK
module_08	LRP4
module_08	LRRN1
module_08	LSMEM1
module_08	LTA
module_08	M1AP
module_08	MAMDC2
module_08	MATK
module_08	MBD4
module_08	MFAP1
module_08	MFRP
module_08	MMP17
module_08	MMP19
module_08	MPP6
module_08	MRPL34
module_08	MRPL52
module_08	MRPS14
module_08	MST1R
module_08	NCMAP
module_08	NDNF
module_08	NDST1
module_08	NR4A1
module_08	NTMT1
module_08	NTRK1
module_08	ORC6
module_08	OTUB2
module_08	OTUD3
module_08	P2RX6
module_08	P4HB
module_08	PADI2
module_08	PAPLN
module_08	PAX4
module_08	PCDHAC2
module_08	PCDHGA10
module_08	PCDHGA12
module_08	PDE1A
module_08	PDE7A
module_08	PDZK1
module_08	PECAM1
module_08	PLA2G10
module_08	PLA2G2C
module_08	PLAUR
module_08	PLBD2
module_08	POLR2J
module_08	PPP1R27
module_08	PRC1
module_08	PRKCZ
module_08	PROS1
module_08	PSMA2
module_08	PTGS2
module_08	PTS
module_08	PVRIG
module_08	QPCT
module_08	RBP2
module_08	RCSD1
module_08	REPIN1
module_08	RFNG
module_08	RGS5
module_08	S100A11
module_08	S100A8
module_08	S100A8|S100A9
module_08	S100A9
module_08	SDCBP2
module_08	SEMA3C
module_08	SETBP1
module_08	SFTPD
module_08	SH2D3C
module_08	SHC4
module_08	SIGLEC12
module_08	SMNDC1
module_08	SMURF2
module_08	SPRED1
module_08	SPRN
module_08	SPTLC2
module_08	ST8SIA4
module_08	SUFU
module_08	SVBP
module_08	TAFA2
module_08	TAX1BP1
module_08	TBP
module_08	TCL1B
module_08	TECTB
module_08	TFF1
module_08	THYN1
module_08	TK1
module_08	TMEM190
module_08	TMX3
module_08	TNFRSF10D
module_08	TNFRSF13B
module_08	TNFRSF1B
module_08	TNFRSF8
module_08	TNFSF10
module_08	TNFSF18
module_08	TNKS
module_08	TNS4
module_08	TOM1L1
module_08	TOP1
module_08	TPO
module_08	TPPP
module_08	TRIM27
module_08	TWSG1
module_08	UBD
module_08	UBE2L3
module_08	UBE2T
module_08	VAMP8
module_08	VCAM1
module_08	VEGFB
module_08	VRK1
module_08	ZNF329
module_08	ZNF566
module_09	ABLIM3
module_09	ABRAXAS2
module_09	ACAA1
module_09	ACAP2
module_09	ADAM9
module_09	AIM2
module_09	AIMP1
module_09	AIPL1
module_09	AK4
module_09	AKR1C1
module_09	ANKRD27
module_09	AP4M1
module_09	APPL1
module_09	ARAF
module_09	ARC
module_09	ARF5
module_09	ARHGAP26
module_09	ARHGEF16
module_09	ARHGEF2
module_09	ARPC3
module_09	ASPH
module_09	ATG4A
module_09	BHMT2
module_09	BNIP3L
module_09	BTG2
module_09	BTLA
module_09	CARD18
module_09	CARHSP1
module_09	CASP10
module_09	CASP4
module_09	CCDC107
module_09	CCDC115
module_09	CCDC24
module_09	CCL17
module_09	CCN6
module_09	CD2AP
module_09	CD36
module_09	CD68
module_09	CD84
module_09	CD8B
module_09	CDC34
module_09	CDH4
module_09	CDKN2C
module_09	CENPW
module_09	CEP76
module_09	CLEC4A
module_09	COA7
module_09	COQ7
module_09	CPNE6
module_09	CPTP
module_09	CRADD
module_09	CSNK1A1L
module_09	CTF1
module_09	CXADR
module_09	CYTH3
module_09	DCUN1D3
module_09	DHX9
module_09	DMRTB1
module_09	DNAJB13
module_09	DOCK2
module_09	DPH5
module_09	DPYS
module_09	DYTN
module_09	EEF1E1
module_09	EHBP1
module_09	ELP1
module_09	EPHX2
module_09	ERLEC1
module_09	ERO1A
module_09	ESRRA
module_09	EURL
module_09	EXD1
module_09	FAM177A1
module_09	FAM3A
module_09	FARS2
module_09	FKBP1B
module_09	FMO3
module_09	FZD4
module_09	GAGE2A
module_09	GALNT9
module_09	GCK
module_09	GHRH
module_09	GMPPA
module_09	GP1BA
module_09	GPHN
module_09	GRAP2
module_09	GUSB
module_09	HNRNPH1
module_09	HOXA11
module_09	HOXD4
module_09	IFT22
module_09	IKBKB
module_09	IL1RAPL1
module_09	INIP
module_09	IP6K2
module_09	ITGA1|ITGB1
module_09	ITGAV|ITGB8
module_09	KDSR
module_09	LCN10
module_09	LIMA1
module_09	LRRK2
module_09	LTO1
module_09	MAGEA6
module_09	MAK16
module_09	MAN1B1
module_09	MANBA
module_09	MAP2K6
module_09	MAP3K10
module_09	MAP3K7|TAB1
module_09	MAP6D1
module_09	MCF2L
module_09	MED10
module_09	MED20
module_09	MEGF10
module_09	MGAT4A
module_09	MID2
module_09	MMRN2
module_09	MOCS3
module_09	MOSPD1
module_09	MPL
module_09	MRAP2
module_09	MSN
module_09	MTMR7
module_09	MYO6
module_09	MYSM1
module_09	NAPB
module_09	NAT1
module_09	NBR1
module_09	NDUFB10
module_09	NEURL1
module_09	NFE2L1
module_09	NFKBIB
module_09	NKIRAS2
module_09	NPY
module_09	NRBP1
module_09	NSL1
module_09	NSMCE1
module_09	NTAN1
module_09	NUBP1
module_09	OSBPL9
module_09	PAPOLG
module_09	PCDH10
module_09	PCDHB10
module_09	PDCD6
module_09	PDE3A
module_09	PDP1
module_09	PELI2
module_09	PHF11
module_09	PIK3C3
module_09	PKP2
module_09	PLEKHA3
module_09	POLR1C
module_09	POU6F1
module_09	PPM1G
module_09	PPP4C
module_09	PRDX5
module_09	PRKN
module_09	PRMT1
module_09	PRRT2
module_09	PTGES3
module_09	PTPN7
module_09	PTPN9
module_09	PTPRN
module_09	RABEPK
module_09	RAF1
module_09	RDH12
module_09	REPS2
module_09	RFC4
module_09	RIPK1
module_09	RIPK2
module_09	RPL38
module_09	SAMD12
module_09	SAMM50
module_09	SH3GLB1
module_09	SH3GLB2
module_09	SIRT5
module_09	SIX6
module_09	SLC6A14
module_09	SLMAP
module_09	SMTN
module_09	SNPH
module_09	SNTN
module_09	SNX7
module_09	SPHK2
module_09	SPIN1
module_09	SPINK8
module_09	SPOCK1
module_09	STK4
module_09	SVIP
module_09	SYNE2
module_09	TANK
module_09	TBC1D22B
module_09	TLK1
module_09	TLN2
module_09	TMA16
module_09	TMEM119
module_09	TMEM237
module_09	TMEM38B
module_09	TMOD2
module_09	TOM1L2
module_09	TRABD2A
module_09	TRIM3
module_09	TRMT6
module_09	TSC22D3
module_09	TTC32
module_09	UBA5
module_09	ULK3
module_09	UPRT
module_09	UQCRB
module_09	USP25
module_09	UST
module_09	VAV3
module_09	VCX3A
module_09	VPS28
module_09	VSIG1
module_09	WBP2
module_09	WDR26
module_09	WWOX
module_09	XPNPEP3
module_09	ZNF275
module_09	ZNF276
module_09	ZNF696
module_09	ZWINT
module_10	A2M
module_10	A2ML1
module_10	ADAM10
module_10	AHSG
module_10	ALDH1B1
module_10	AMH
module_10	ANGPT2
module_10	ANTXR2
module_10	ANXA10
module_10	ASNS
module_10	B3GNT8
module_10	BACH2
module_10	BCL6
module_10	BST1
module_10	BTC
module_10	BTD
module_10	BTN1A1
module_10	CABP2
module_10	CAMKK1
module_10	CAPN9
module_10	CBLN1
module_10	CBS
module_10	CCDC126
module_10	CCK
module_10	CCL8
module_10	CCNB1IP1
module_10	CD209
module_10	CD244
module_10	CD59
module_10	CD7
module_10	CFP
module_10	CHID1
module_10	CHRNB3
module_10	CILP2
module_10	CLEC3B
module_10	CLEC9A
module_10	CNGA2
module_10	CNTFR
module_10	CNTN3
module_10	COL10A1
module_10	COMT
module_10	COX6A2
module_10	CPLX1
module_10	CPLX2
module_10	CREB3L4
module_10	CRTAC1
module_10	CSAG2
module_10	DDI1
module_10	DEFB119
module_10	DEFB125
module_10	DIRAS3
module_10	DIXDC1
module_10	DUSP10
module_10	DUSP13
module_10	EMC1
module_10	EMID1
module_10	EPHB6
module_10	ERBB4
module_10	ESAM
module_10	EYS
module_10	FAM3C
module_10	FANK1
module_10	FDX2
module_10	FGFR1
module_10	FGFR2
module_10	FIG4
module_10	FMOD
module_10	FSHB
module_10	FZD2
module_10	FZD5
module_10	FZD7
module_10	FZD8
module_10	GABBR2
module_10	GCG
module_10	GDF11|MSTN
module_10	GJD2
module_10	GPX5
module_10	GSTA3
module_10	HABP2
module_10	HNF1A
module_10	HSPB3
module_10	IGHG2
module_10	IGSF8
module_10	IL17RA
module_10	INHBA
module_10	INHBA|INHBC
module_10	ITGA2
module_10	ITGAM
module_10	ITGAV|ITGB3
module_10	JTB
module_10	KCTD2
module_10	KERA
module_10	LCN2
module_10	LRIT2
module_10	LRP10
module_10	LRP12
module_10	LUM
module_10	LY9
module_10	LYG1
module_10	LYPD1
module_10	MAGEA3
module_10	MCAM
module_10	MFNG
module_10	MGAT5
module_10	MMP2
module_10	MSR1
module_10	MTUS2
module_10	MUC1
module_10	MZF1
module_10	NAPEPLD
module_10	NCAM1
module_10	NFIA
module_10	NMB
module_10	NOVA1
module_10	NRCAM
module_10	NTS
module_10	OMG
module_10	PACSIN3
module_10	PCDH9
module_10	PGF
module_10	PIEZO1
module_10	PLA2G12B
module_10	PLA2G2D
module_10	PLXNA1
module_10	POSTN
module_10	PPP1R3B
module_10	PRG3
module_10	PRKCD
module_10	PRRG1
module_10	PSD2
module_10	PSG2
module_10	PXDN
module_10	PYY
module_10	PZP
module_10	RBM22
module_10	RBM41
module_10	RBM46
module_10	REG3A
module_10	RETREG1
module_10	RNASE1
module_10	RNF150
module_10	ROBO1
module_10	RPP30
module_10	RS1
module_10	S100A16
module_10	SCARF2
module_10	SELENBP1
module_10	SEMA4B
module_10	SEMA4D
module_10	SERPINA11
module_10	SERPINA12
module_10	SHOX
module_10	SPANXA1
module_10	SPANXN3
module_10	SRL
module_10	ST3GAL5
module_10	ST6GALNAC5
module_10	STC2
module_10	STOML1
module_10	SYNGR3
module_10	SYT8
module_10	TCL1A
module_10	THBS3
module_10	TIGIT
module_10	TMED10
module_10	TMEM52
module_10	TNFRSF12A
module_10	TREML2
module_10	TULP1
module_10	UNC5A
module_10	USP2
module_10	VCAN
module_10	VOPP1
module_10	VSNL1
module_10	WFDC11
module_10	YME1L1
module_10	ZBTB7A
module_10	ZNF134
module_10	ZNF483
module_11	ACP2
module_11	ACSS3
module_11	ADSL
module_11	AFM
module_11	ALB
module_11	AMY1A
module_11	AMY2A
module_11	AMY2B
module_11	ANOS1
module_11	APOA1
module_11	APOA4
module_11	APOC3
module_11	APOE
module_11	ASH1L
module_11	ASPRV1
module_11	ATG3
module_11	ATG7
module_11	BIRC3
module_11	BMPR2
module_11	BPIFB1
module_11	C1orf43
module_11	CA6
module_11	CCDC89
module_11	CD83
module_11	CDH2
module_11	CDH20
module_11	CDH23
module_11	CDH3
module_11	CES1
module_11	CGA|TSHB
module_11	CHCHD7
module_11	CIB1
module_11	CKMT1A
module_11	CLK2
module_11	CNTNAP5
module_11	CRIP1
module_11	CUL1
module_11	CYB5D2
module_11	CYB5R3
module_11	DCTN2
module_11	DDX46
module_11	DEFB135
module_11	DEPP1
module_11	DNPEP
module_11	DSC1
module_11	DUSP4
module_11	DYNLT3
module_11	EDEM2
module_11	EFHD1
module_11	EMILIN3
module_11	F2
module_11	FABP9
module_11	FCER1A
module_11	FETUB
module_11	FLT3LG
module_11	FOLH1
module_11	FXYD2
module_11	GALP
module_11	GCNT4
module_11	GDAP1L1
module_11	GDPD1
module_11	GIMD1
module_11	GLP1R
module_11	GLYATL2
module_11	GNAS|GNAS
module_11	GSTA4
module_11	GXYLT1
module_11	HABP4
module_11	HID1
module_11	HIP1R
module_11	HIPK3
module_11	HLA-E
module_11	HNF4A
module_11	HOXC11
module_11	HPD
module_11	HRG
module_11	HSF2BP
module_11	IGF1
module_11	IGF2
module_11	IGHG4
module_11	IGKV1-5
module_11	IQCD
module_11	ITGA5
module_11	ITIH1
module_11	ITIH2
module_11	JUP
module_11	KCNG4
module_11	KCNIP1
module_11	KCTD13
module_11	KMO
module_11	KRT18
module_11	KXD1
module_11	KYAT1
module_11	LAYN
module_11	LCT
module_11	LGALS1
module_11	LMO3
module_11	LTK
module_11	LXN
module_11	MAD2L2
module_11	MAP2K4
module_11	MAP3K11
module_11	MENT
module_11	MEOX1
module_11	MYBPH
module_11	MYNN
module_11	NAA20
module_11	NET1
module_11	NKD2
module_11	NRDC
module_11	NRL
module_11	NUDT1
module_11	NUDT11
module_11	NXPH3
module_11	OSTM1
module_11	PAXIP1
module_11	PDILT
module_11	PGLYRP2
module_11	PHB2
module_11	PLA2G1B
module_11	PPP3R2
module_11	PRMT2
module_11	PROM1
module_11	PSAPL1
module_11	PSG11
module_11	PSMB3
module_11	PSMB7
module_11	PSMB9
module_11	PSMC3IP
module_11	PSMD10
module_11	PTH
module_11	QPCTL
module_11	RAET1G
module_11	RALYL
module_11	RCAN1
module_11	RCVRN
module_11	RDH10
module_11	REN
module_11	RETNLB
module_11	RGS8
module_11	RLN2
module_11	RNF146
module_11	RNGTT
module_11	RRM2
module_11	SEC13
module_11	SERPINA4
module_11	SERPIND1
module_11	SFRP2
module_11	SLC5A8
module_11	SMIM10
module_11	SPACA5
module_11	SPCS1
module_11	SPINK14
module_11	SPINK7
module_11	SRP14
module_11	STAT5B
module_11	SUMF1
module_11	SYT2
module_11	TAF10
module_11	TBXAS1
module_11	TEX29
module_11	TMEM185A
module_11	TPGS2
module_11	TPK1
module_11	TRAPPC3
module_11	U2AF2
module_11	UBE2G2
module_11	UBE2L3|UBB
module_11	UPP2
module_11	VAT1L
module_11	VHLL
module_11	WNT5A
module_11	WWP2
module_11	XCL1
module_11	ZHX3
module_11	ZP4
module_12	ACADS
module_12	ADAMTSL2
module_12	ADM2
module_12	ADPGK
module_12	AHSP
module_12	AK5
module_12	ANGPTL1
module_12	APOL3
module_12	ARHGAP24
module_12	ATF6
module_12	ATP1B3
module_12	ATRN
module_12	B3GNT4
module_12	BCL2L10
module_12	BEGAIN
module_12	BMP8B
module_12	BMPR1A
module_12	C14orf93
module_12	C22orf23
module_12	CBX2
module_12	CCS
module_12	CD247
module_12	CD34
module_12	CD80
module_12	CDH8
module_12	CELA3B
module_12	CEP20
module_12	CFAP45
module_12	CFTR
module_12	CGGBP1
module_12	CHI3L2
module_12	CLGN
module_12	CLU
module_12	COMMD1
module_12	COPE
module_12	COQ10A
module_12	COX7A2L
module_12	CPOX
module_12	CPZ
module_12	CREG1
module_12	CSAG1
module_12	CSGALNACT2
module_12	CST3
module_12	DEFB106A
module_12	DHX38
module_12	DNAI1
module_12	DPP6
module_12	EML2
module_12	ENOX1
module_12	ENTPD2
module_12	EQTN
module_12	ERLIN1
module_12	ERVV-1
module_12	EVA1B
module_12	FAM172A
module_12	FBLN1
module_12	FBXL5
module_12	FOXG1
module_12	GALNT4
module_12	GAS6
module_12	GBA3
module_12	GHDC
module_12	GLIPR2
module_12	GOLM1
module_12	GRID2
module_12	HAPLN4
module_12	HERC5
module_12	HERPUD2
module_12	HEXA
module_12	HSPA13
module_12	HSPA5
module_12	IDO1
module_12	IFNA6
module_12	IFNL1
module_12	IFNL3
module_12	IGHA1|IGHA2
module_12	IL17A|IL17F
module_12	IL20RB
module_12	INSL3
module_12	INSRR
module_12	ITGB1
module_12	JDP2
module_12	KCTD15
module_12	KHDC1L
module_12	KIR2DL4
module_12	KRTAP2-4
module_12	LILRB4
module_12	LMOD1
module_12	LPCAT2
module_12	LTBP4
module_12	LYPD3
module_12	MAG
module_12	MAGEA5
module_12	MFAP3
module_12	MGAT1
module_12	MPZL2
module_12	MSTN
module_12	MYB
module_12	NCF4
module_12	NDRG2
module_12	NFATC1
module_12	NFKBIE
module_12	NIPAL4
module_12	NIPSNAP3B
module_12	NRSN1
module_12	NUP35
module_12	OAT
module_12	OGT
module_12	P4HA2
module_12	PADI1
module_12	PDZD7
module_12	PF4V1
module_12	PLEKHA4
module_12	PLIN3
module_12	PLPP4
module_12	POMK
module_12	PPIL2
module_12	PRND
module_12	PRXL2A
module_12	PSAP
module_12	RPS10
module_12	S100A2
module_12	S100A3
module_12	S100A7A
module_12	SCG3
module_12	SEC14L4
module_12	SELL
module_12	SEMA4C
module_12	SERTAD3
module_12	SLC30A3
module_12	SLC3A2
module_12	SLC5A5
module_12	SPDL1
module_12	SPR
module_12	SUN5
module_12	SYCE1L
module_12	SYT7
module_12	TAFA1
module_12	TCEAL8
module_12	TCN2
module_12	TFIP11
module_12	TFR2
module_12	THPO
module_12	TM2D1
module_12	TMEM132B
module_12	TMEM167B
module_12	TMX2
module_12	TNFAIP6
module_12	TNFRSF25
module_12	TNIP1
module_12	TPP1
module_12	TPPP2
module_12	TPSB2
module_12	TRIO
module_12	TRMT61B
module_12	TSPEAR
module_12	TSR3
module_12	TXNDC15
module_12	USF1
module_12	VASN
module_12	VILL
module_12	VSTM2L
module_12	WBP1L
module_12	WDR18
module_12	XBP1
module_13	ACBD4
module_13	ADAM17
module_13	ADSS1
module_13	AFAP1L2
module_13	AIF1
module_13	ANGPTL7
module_13	ANKRA2
module_13	ANXA6
module_13	APOD
module_13	ARFGAP1
module_13	ARHGEF7
module_13	B3GALT5
module_13	BACH1
module_13	BCAR3
module_13	BDP1
module_13	BIN3
module_13	BRDT
module_13	BRK1
module_13	C1QBP
module_13	CAMK1D
module_13	CAPN13
module_13	CARNMT1
module_13	CCDC69
module_13	CCN4
module_13	CD9
module_13	CDK15
module_13	CDK5RAP3
module_13	CEBPE
module_13	CGB2
module_13	CHD1L
module_13	CHRNA5
module_13	CLPP
module_13	CNDP2
module_13	COLEC10
module_13	COPS7B
module_13	COX4I2
module_13	COX6C
module_13	CPA1
module_13	CPT1B
module_13	CYP3A4
module_13	CYTH2
module_13	DCAF11
module_13	DR1
module_13	DTX1
module_13	EBP
module_13	EDC4
module_13	EDF1
module_13	EIF4G3
module_13	ELL
module_13	FGB
module_13	FIBP
module_13	FOXO1
module_13	FOXP3
module_13	GAGE2B
module_13	GAGE2D
module_13	GAL
module_13	GALK2
module_13	GBP6
module_13	GEMIN7
module_13	GGT2
module_13	GLUD1
module_13	GMEB2
module_13	GPX3
module_13	GSTO1
module_13	HBZ
module_13	HEPHL1
module_13	HES1
module_13	HES6
module_13	HMG20B
module_13	HSCB
module_13	HSPH1
module_13	IDUA
module_13	IL26
module_13	IL3
module_13	IQCF3
module_13	JUN
module_13	KCTD3
module_13	KIF3C
module_13	KLRC4
module_13	LCAT
module_13	LCK
module_13	LSM4
module_13	LYZL2
module_13	MACO1
module_13	MAPT
module_13	MAT2A
module_13	MGA
module_13	MYRF
module_13	NAALADL1
module_13	NANP
module_13	NDUFB11
module_13	NEURL4
module_13	NFE2L2
module_13	NHP2
module_13	NPFF
module_13	NUCB2
module_13	OPTC
module_13	PAGE4
module_13	PDHB
module_13	PHF3
module_13	PLCG1
module_13	PMS2
module_13	POLM
module_13	POP7
module_13	PPARG
module_13	PPT1
module_13	PSMA5
module_13	PSMB10
module_13	PSMB5
module_13	PSMD6
module_13	PSME1
module_13	PSME2
module_13	PTRH2
module_13	RAB27B
module_13	RB1
module_13	REM1
module_13	RGS19
module_13	RGS21
module_13	RNF128
module_13	RPN2
module_13	RPS6KB2
module_13	RRBP1
module_13	RTN1
module_13	S100A6
module_13	SCG5
module_13	SDHAF1
module_13	SEL1L2
module_13	SELENOF
module_13	SERAC1
module_13	SERF2
module_13	SIRT2
module_13	SKP2
module_13	SLC14A1
module_13	SLC35G2
module_13	SPATA46
module_13	SPC25
module_13	SPSB1
module_13	STAU2
module_13	TARBP2
module_13	THRB
module_13	TIMM23
module_13	TMEM225B
module_13	TP53I3
module_13	TRAPPC5
module_13	TYMSOS
module_13	UCK2
module_13	USP10
module_13	USP19
module_13	UTS2
module_13	VAT1
module_13	VLDLR
module_13	YY1
module_13	ZAP70
module_13	ZC3H8
module_13	ZG16B
module_13	ZNRF3
module_14	A4GNT
module_14	ACAD8
module_14	ACBD7
module_14	ADAM7
module_14	ADAMTS3
module_14	ADGRF2
module_14	ADGRG2
module_14	ADRM1
module_14	ASPN
module_14	ATG4B
module_14	ATP1B4
module_14	B3GAT1
module_14	BCAP29
module_14	BECN1
module_14	BMT2
module_14	C16orf54
module_14	C19orf18
module_14	C5
module_14	C5|C6
module_14	CA8
module_14	CALB1
module_14	CASP5
module_14	CCL16
module_14	CCL3
module_14	CCN3
module_14	CCN5
module_14	CD1A
module_14	CD3G
module_14	CD74
module_14	CDK20
module_14	CDYL2
module_14	CENPV
module_14	CFHR1
module_14	CHST14
module_14	CLC
module_14	COMMD5
module_14	CRISPLD2
module_14	CRYGD
module_14	CRYZL1
module_14	CSMD1
module_14	CST8
module_14	CYSRT1
module_14	DTNA
module_14	DTNBP1
module_14	DYNLRB2
module_14	EEF1AKMT1
module_14	ETV4
module_14	FCMR
module_14	FCN2
module_14	FCRL4
module_14	GFRAL
module_14	GNG11
module_14	GPC1
module_14	GPC5
module_14	GSKIP
module_14	GSTZ1
module_14	ICAM4
module_14	ICAM5
module_14	IL10
module_14	IL12RB2
module_14	IL17B
module_14	IL1F10
module_14	IL4R
module_14	IMPA1
module_14	IMPA2
module_14	ING1
module_14	INPP5E
module_14	ITCH
module_14	ITM2C
module_14	IZUMO4
module_14	JPH3
module_14	KCTD6
module_14	KIF1C
module_14	KLK2
module_14	KLRC1
module_14	KLRG2
module_14	LAMP1
module_14	LCE3B
module_14	LILRB5
module_14	LINGO3
module_14	LOXL2
module_14	LRRC37A2
module_14	MARCO
module_14	MED1
module_14	MLIP
module_14	MMP9
module_14	MSRA
module_14	MST1
module_14	MTMR1
module_14	MTX2
module_14	MUSK
module_14	MYORG
module_14	MZB1
module_14	NDUFS4
module_14	NGFR
module_14	NLRP1
module_14	NPDC1
module_14	NPPA
module_14	NRN1L
module_14	OLFML1
module_14	OLR1
module_14	PCDHA4
module_14	PCDHGB1
module_14	PCMT1
module_14	PCYOX1
module_14	PDE6H
module_14	POTEM
module_14	PPM1D
module_14	PRLR
module_14	PROK2
module_14	PRSS3
module_14	RASSF5
module_14	RIC3
module_14	RIPPLY3
module_14	RNASE4
module_14	RNASE6
module_14	RND3
module_14	ROBO4
module_14	RRAGC
module_14	RSPO4
module_14	SCARB1
module_14	SCARF1
module_14	SEMG1
module_14	SHISAL2A
module_14	SLC26A11
module_14	SLPI
module_14	SNCAIP
module_14	SOCS3
module_14	SORCS2
module_14	SPINK13
module_14	SPINK9
module_14	SSX4
module_14	ST6GALNAC3
module_14	SYT1
module_14	TADA2A
module_14	TICAM2
module_14	TMEM106B
module_14	TNFSF11
module_14	TPSG1
module_14	TRAPPC13
module_14	TRAPPC4
module_14	TRIM5
module_14	TXNDC5
module_14	UBASH3A
module_14	UBE2W
module_14	USP11
module_14	VSX1
module_14	WFDC10B
module_14	WNT10B
module_14	WNT5B
module_14	XCL2
module_14	ZFAND3
module_14	ZPLD1
module_15	ABHD14B
module_15	ACRV1
module_15	ADGRD1
module_15	ADH1A
module_15	ADH1C
module_15	ADH4
module_15	AFAP1L1
module_15	AGXT
module_15	AKR1D1
module_15	AKR7A3
module_15	ALDH1A1
module_15	ALPP
module_15	APOA2
module_15	ARHGAP22
module_15	ASGR1
module_15	ASTL
module_15	ATOX1
module_15	ATP5PB
module_15	B3GAT3
module_15	BASP1
module_15	BATF3
module_15	BCAN
module_15	BCL11A
module_15	BEX4
module_15	BMF
module_15	C16orf72
module_15	C1GALT1|C1GALT1C1
module_15	C1QTNF1
module_15	C1orf185
module_15	C2orf66
module_15	CALB2
module_15	CCL27
module_15	CD274
module_15	CD300A
module_15	CDK2AP2
module_15	CELA1
module_15	CHRDL2
module_15	CLEC12A
module_15	COL8A1
module_15	COLGALT2
module_15	CREB3L2
module_15	CRELD1
module_15	CRLF1
module_15	CSF1
module_15	CXCL16
module_15	DAG1
module_15	DAO
module_15	DEFB129
module_15	DMBT1
module_15	DNAJC15
module_15	DYRK1A
module_15	ELFN2
module_15	EVA1C
module_15	FABP5
module_15	FAS
module_15	FBP1
module_15	FCGR2A
module_15	FCGR3A
module_15	FCRLB
module_15	FGF10
module_15	FKBP1A
module_15	FOXP1
module_15	FTCD
module_15	GALNT2
module_15	GAS2
module_15	GDF15
module_15	GFRA2
module_15	GJA8
module_15	GLDN
module_15	GMNN
module_15	GNLY
module_15	GNMT
module_15	GOLGA7
module_15	GRN
module_15	GSTA1
module_15	HMGA1
module_15	HTR7
module_15	IFNA14
module_15	IFNGR1
module_15	IGSF9B
module_15	IL20
module_15	IL21
module_15	IL23R
module_15	ITGA3|ITGB1
module_15	JPH4
module_15	KAT2B
module_15	KAZALD1
module_15	KCNE5
module_15	KLHL40
module_15	LAG3
module_15	LAMA2|LAMB1|LAMC1
module_15	LAMC2
module_15	LCNL1
module_15	LCORL
module_15	LGALS3BP
module_15	LILRA5
module_15	LILRB3
module_15	LRRTM1
module_15	LYSMD3
module_15	MPZL1
module_15	MRPL32
module_15	NCAN
module_15	NEU1
module_15	NFASC
module_15	NLGN2
module_15	NLGN3
module_15	NLGN4Y
module_15	NNMT
module_15	NR1D1
module_15	NUMBL
module_15	OBP2A
module_15	OCLN
module_15	PAM
module_15	PDZD11
module_15	PIPOX
module_15	PLA2G2E
module_15	PLAU
module_15	PSMA4
module_15	PWWP2B
module_15	QPRT
module_15	QSOX1
module_15	RBL1
module_15	RGS14
module_15	RIDA
module_15	RNASE3
module_15	RTN4R
module_15	SEMA3E
module_15	SGSH
module_15	SIGLEC7
module_15	SOCS7
module_15	SPACA1
module_15	SPATA33
module_15	SULT1B1
module_15	SULT2A1
module_15	SUN3
module_15	SVEP1
module_15	TERF1
module_15	TIAM1
module_15	TIMELESS
module_15	TIMM21
module_15	TLR1
module_15	TNC
module_15	TNS2
module_15	TP63
module_15	TRIM62
module_15	TTC36
module_15	TYW3
module_15	UAP1
module_15	ULBP2
module_15	UPB1
module_15	ZNF180
module_16	ACVR1
module_16	ANPEP
module_16	APLN
module_16	APOA5
module_16	APOB
module_16	APOF
module_16	ARID1A
module_16	ARL2
module_16	AS3MT
module_16	ASAP2
module_16	BCL2L14
module_16	BIRC2
module_16	BTN3A1
module_16	C16orf71
module_16	C4BPB
module_16	CASQ1
module_16	CD164L2
module_16	CDKN2B
module_16	CEACAM19
module_16	CFAP300
module_16	CHIA
module_16	CLCNKB
module_16	CLIC2
module_16	CRCP
module_16	CSN2
module_16	CUEDC1
module_16	CUZD1
module_16	DAP
module_16	DCTN6
module_16	DDIT4
module_16	DNAJC4
module_16	EGLN3
module_16	ENPP3
module_16	FAM210A
module_16	GDF5
module_16	GORAB
module_16	GOSR2
module_16	ICA1
module_16	IGFBP1
module_16	ILKAP
module_16	INHBB
module_16	INO80E
module_16	JARID2
module_16	KCTD5
module_16	KCTD7
module_16	KRTDAP
module_16	LACRT
module_16	LEG1
module_16	LIN7C
module_16	LNX1
module_16	LRATD1
module_16	LRFN5
module_16	LRRC25
module_16	LYG2
module_16	MBLAC2
module_16	MEF2C
module_16	MMGT1
module_16	MRI1
module_16	MRPL33
module_16	MTAP
module_16	NECAB1
module_16	NNAT
module_16	NT5C1A
module_16	NXPH2
module_16	OTUD5
module_16	PCDHB7
module_16	PCLAF
module_16	PEF1
module_16	PGLYRP3
module_16	PIAS4
module_16	PIP
module_16	PLA2G7
module_16	POGLUT2
module_16	POLR3K
module_16	PPP1R8
module_16	PRDM1
module_16	PRKRA
module_16	PRPF6
module_16	PRR27
module_16	RAB18
module_16	RAPGEF1
module_16	RELL2
module_16	RGS7
module_16	RNF149
module_16	ROS1
module_16	RP2
module_16	RTF2
module_16	S100A13
module_16	SATB2
module_16	SAYSD1
module_16	SCN4B
module_16	SELPLG
module_16	SF3B4
module_16	SIRT1
module_16	SLC3A1
module_16	SMARCC1
module_16	SNAP23
module_16	SNX1
module_16	SSR1
module_16	ST3GAL1
module_16	SULT1C2
module_16	SYT13
module_16	TADA3
module_16	TAF8
module_16	TBCA
module_16	TCF12
module_16	TGM2
module_16	TMEM221
module_16	TMOD4
module_16	TOM1
module_16	TOMM20L
module_16	TPD52L1
module_16	TRADD
module_16	TSR2
module_16	UBA2
module_16	UBA3
module_16	WNT10A
module_16	WWC1
module_16	YY2
module_17	ADA
module_17	ADCYAP1R1
module_17	AGAP3
module_17	AQP4
module_17	AUH
module_17	AZIN1
module_17	BIK
module_17	BLOC1S2
module_17	BMPR1B
module_17	C12orf76
module_17	C5orf63
module_17	CCDC167
module_17	CDH6
module_17	CLDN1
module_17	CLPSL2
module_17	CMTM4
module_17	CP
module_17	CRABP1
module_17	CT55
module_17	CTRC
module_17	CYBRD1
module_17	DEFB132
module_17	DES
module_17	DGCR6
module_17	DKKL1
module_17	DPP4
module_17	DPP8
module_17	DUS2
module_17	DUSP16
module_17	ENPP6
module_17	ERGIC1
module_17	ETFA
module_17	EZH2
module_17	FAM89B
module_17	FCGBP
module_17	FGD2
module_17	FHL1
module_17	FRG1
module_17	FZD10
module_17	GALE
module_17	GEM
module_17	GLUD2
module_17	GPD1L
module_17	GPR101
module_17	GULP1
module_17	HIF1A
module_17	HK1
module_17	HS3ST5
module_17	IFNA16
module_17	IQCF1
module_17	ITPK1
module_17	KCNMB3
module_17	KRT14
module_17	LAMTOR2
module_17	LRRC75A
module_17	LY6D
module_17	MAGEB10
module_17	MICALL2
module_17	MLANA
module_17	NCOA2
module_17	NDUFB4
module_17	NMRK2
module_17	NRXN2
module_17	NUDT14
module_17	OLAH
module_17	OTX1
module_17	PAFAH2
module_17	PAIP1
module_17	PELO
module_17	PGAM4
module_17	PLAC8L1
module_17	PPTC7
module_17	PRSS35
module_17	PSD
module_17	PTP4A1
module_17	RAD18
module_17	RAPGEF5
module_17	RBBP9
module_17	RERG
module_17	RGS13
module_17	RTL6
module_17	SELENOS
module_17	SGTB
module_17	SH2D1B
module_17	SLC41A2
module_17	SNAP25
module_17	SPAG11A
module_17	SPATA31D4
module_17	ST6GALNAC2
module_17	SULT6B1
module_17	TMPRSS5
module_17	TNFSF14
module_17	TOX3
module_17	TPM1
module_17	TSC2
module_17	TXNIP
module_17	UBE2D1
module_17	UBE2R2
module_17	USP1|WDR48
module_17	VDR
module_17	WEE2
module_17	ZNF34
module_17	ZW10
module_18	ACLY
module_18	ADAM22
module_18	AKR1C2
module_18	ANKMY2
module_18	APLP1
module_18	APOL1
module_18	ASB13
module_18	B3GALT6
module_18	B9D2
module_18	BCAP31
module_18	BEND6
module_18	BTG4
module_18	C6
module_18	C8A|C8B|C8G
module_18	CCL14
module_18	CCL3L1
module_18	CD63
module_18	CD79A
module_18	CDH12
module_18	CDK5|CDK5R1
module_18	CELA2A
module_18	CMPK1
module_18	CRIP2
module_18	CRYBA2
module_18	CTHRC1
module_18	DNAJB12
module_18	DNAJB9
module_18	DNAJC27
module_18	DNM1L
module_18	DPT
module_18	EDN3
module_18	ENOX2
module_18	EVI2A
module_18	FAM118A
module_18	FXYD6
module_18	GAN
module_18	GPR37
module_18	GSN
module_18	IFNA8
module_18	IFNE
module_18	IL37
module_18	KIR3DL1
module_18	KIR3DL3
module_18	KLK12
module_18	KLRC3
module_18	LAT
module_18	LRTM2
module_18	LTBR
module_18	LY86
module_18	MACROD2
module_18	MAP2K2
module_18	MBD1
module_18	MGP
module_18	MMP7
module_18	MPZ
module_18	MUSTN1
module_18	NFKBID
module_18	NHLRC3
module_18	NPTXR
module_18	PAK3
module_18	PCDHB2
module_18	PCOLCE
module_18	PET117
module_18	PIANP
module_18	PIK3C2A
module_18	PMEL
module_18	PNMA2
module_18	POLI
module_18	PPY
module_18	PRPS1
module_18	PRRG4
module_18	PSG1
module_18	PSG5
module_18	PTPRR
module_18	PUS7
module_18	RAD51
module_18	RELT
module_18	RYK
module_18	SCRN3
module_18	SEPTIN10
module_18	SLFNL1
module_18	SOD2
module_18	SPATA24
module_18	STX10
module_18	STX18
module_18	STXBP4
module_18	SULT1E1
module_18	TBC1D24
module_18	TCP11L1
module_18	THBS4
module_18	TJP1
module_18	TMIGD2
module_18	TNR
module_18	TPM2
module_18	TPPP3
module_18	TRIAP1
module_18	UBE4A
module_18	VSIG10
module_18	WFDC1
module_18	ZCCHC18
module_19	ADAM28
module_19	ANXA3
module_19	ARL5A
module_19	ARSA
module_19	ATP1B1
module_19	AZGP1
module_19	B3GNT6
module_19	BARD1
module_19	BORCS5
module_19	BROX
module_19	C1S
module_19	CARD17
module_19	CASP8
module_19	CCDC25
module_19	CD177
module_19	CD37
module_19	CDHR5
module_19	CEBPG
module_19	CLEC2B
module_19	CLEC4G
module_19	CREBZF
module_19	CTNNA2
module_19	CTRB2
module_19	ECEL1
module_19	ENPP2
module_19	ENTPD6
module_19	ERP27
module_19	ESD
module_19	EXTL2
module_19	FGFR4
module_19	FSTL4
module_19	GJA1
module_19	HBB
module_19	IFRD1
module_19	IHH
module_19	IL36B
module_19	IL5
module_19	KIAA0319L
module_19	KMT5C
module_19	KRT5
module_19	LRFN1
module_19	MACROH2A1
module_19	MALT1
module_19	MLF1
module_19	NECTIN3
module_19	NEUROG1
module_19	NTN1
module_19	OGN
module_19	OLFM2
module_19	OSMR
module_19	PANK1
module_19	PCSK7
module_19	PEX26
module_19	PHETA2
module_19	PHKA1
module_19	PMEPA1
module_19	POLR2I
module_19	PRCP
module_19	PROK1
module_19	PSMB2
module_19	PTER
module_19	PTPRJ
module_19	PXYLP1
module_19	RAG1
module_19	RBM24
module_19	REG3G
module_19	RXFP1
module_19	SCGB1D1
module_19	SEMA3A
module_19	SHH
module_19	SIGLEC8
module_19	SLC4A8
module_19	SNRPD3
module_19	SOS1
module_19	SSR2
module_19	STK16
module_19	SYN3
module_19	SYT5
module_19	TAC4
module_19	TESC
module_19	THAP2
module_19	TMCO5A
module_19	TRABD
module_19	TSNARE1
module_19	TSSK1B
module_19	TXNRD3NB
module_19	UBE2D2
module_19	UBE2D3
module_19	VPS26B
module_19	VSTM1
module_19	WRNIP1
module_19	YAE1
module_19	ZFAND2B
module_19	ZNF263
module_20	ACO1
module_20	ALAD
module_20	ALPL
module_20	AMBP
module_20	ANGPTL3
module_20	ANKRD46
module_20	APOC1
module_20	APOH
module_20	ARG2
module_20	ARMC10
module_20	BCDIN3D
module_20	C11orf49
module_20	C5orf38
module_20	CABP7
module_20	CAMP
module_20	CAPZB
module_20	CCL1
module_20	CCL11
module_20	CD27
module_20	CDSN
module_20	CGB3
module_20	CPA2
module_20	CPB1
module_20	CPXM1
module_20	CRNN
module_20	CYCS
module_20	DAZAP1
module_20	DCUN1D5
module_20	DLL3
module_20	DNMT3L
module_20	E2F5
module_20	ECM1
module_20	F13A1|F13B
module_20	F13B
module_20	FCN1
module_20	FIBCD1
module_20	GTPBP10
module_20	HAO1
module_20	HBQ1
module_20	IL27|EBI3
module_20	IL36G
module_20	IL36RN
module_20	KCNIP3
module_20	KCTD4
module_20	KLK13
module_20	LTA|LTB
module_20	MAGIX
module_20	MILR1
module_20	MTCP1
module_20	MYL7
module_20	NPNT
module_20	NSDHL
module_20	NTF3
module_20	OSM
module_20	PARP1
module_20	PHYH
module_20	PLG
module_20	PLXNB3
module_20	PNLIP
module_20	PNMT
module_20	POMGNT2
module_20	PRKAR2A
module_20	PRSS1
module_20	PTPRH
module_20	RAB3A
module_20	RBP4
module_20	REG1A
module_20	REG1B
module_20	RNF43
module_20	RTKN
module_20	RTRAF
module_20	SERPINC1
module_20	SH3BGRL
module_20	ST6GALNAC6
module_20	ST8SIA1
module_20	TERB2
module_20	TF
module_20	TGFBR1
module_20	THAP11
module_20	TIGAR
module_20	TLL1
module_20	TP53I11
module_20	TSTA3
module_20	TTC17
module_20	UMODL1
module_20	UNC5C
module_21	ADGRL3
module_21	AGRP
module_21	ARL4D
module_21	BTN2A2
module_21	BTN3A3
module_21	C1RL
module_21	C1orf226
module_21	C2
module_21	C4BPA
module_21	C7
module_21	CD14
module_21	CD48
module_21	CD72
module_21	CDH7
module_21	CHRDL1
module_21	CPN2
module_21	CTAG1A
module_21	CUTA
module_21	CXCL12
module_21	CYBC1
module_21	ENTPD1
module_21	EREG
module_21	ERMAP
module_21	FAM20A
module_21	FSTL1
module_21	GC
module_21	GCSH
module_21	GKN2
module_21	H6PD
module_21	HAVCR2
module_21	HLA-C
module_21	HTRA1
module_21	IDS
module_21	IFIH1
module_21	IL7
module_21	IMMP2L
module_21	IRF9
module_21	ITM2B
module_21	IZUMO1
module_21	KAAG1
module_21	KPNA2
module_21	LAMA3
module_21	LEAP2
module_21	LEPR
module_21	LILRA1
module_21	LILRA2
module_21	LILRA3
module_21	LILRA6
module_21	LRIG1
module_21	MANEA
module_21	MANSC1
module_21	MAZ
module_21	MERTK
module_21	MMP10
module_21	MMP14
module_21	NRP2
module_21	NTNG1
module_21	NUDT10
module_21	OAF
module_21	PCDHA7
module_21	PCYT1A
module_21	PPP1R42
module_21	PSMB1
module_21	PYCR1
module_21	RAB26
module_21	RNASE2
module_21	RNASET2
module_21	SCP2D1
module_21	SEMA4G
module_21	SERPING1
module_21	SIGLEC14
module_21	SIGLEC5
module_21	SMPD1
module_21	SNIP1
module_21	SPON2
module_21	ST6GAL2
module_21	SURF1
module_21	TDGF1
module_21	TIMP4
module_21	TLR5
module_21	TPST1
module_21	TREM1
module_22	ACADL
module_22	ACY1
module_22	ACY3
module_22	AKR1C4
module_22	ALDH2
module_22	ALDOC
module_22	ALOX5
module_22	ANXA1
module_22	ASL
module_22	AURKA
module_22	BPI
module_22	BRD2
module_22	CASK
module_22	CD79B
module_22	CEBPB
module_22	CEMIP2
module_22	CHEK1
module_22	CKB
module_22	CLEC4D
module_22	COMMD6
module_22	CSNK2A2
module_22	DDT
module_22	DEFB127
module_22	DYRK3
module_22	EMG1
module_22	FABP12
module_22	FAH
module_22	GBP5
module_22	GCA
module_22	GIMAP7
module_22	GLYAT
module_22	GZMK
module_22	HACL1
module_22	HK2
module_22	HMGB3
module_22	HMGCS1
module_22	HMGCS2
module_22	HSD17B1
module_22	ICOSLG
module_22	IER2
module_22	ITGA2|ITGB1
module_22	KLK3
module_22	LRRTM4
module_22	MAT1A
module_22	MMACHC
module_22	MMEL1
module_22	MMP8
module_22	MNDA
module_22	MORF4L1
module_22	MRM2
module_22	MTPAP
module_22	NCR3LG1
module_22	OMP
module_22	PADI4
module_22	PARP16
module_22	PC
module_22	PCK1
module_22	PDE2A
module_22	PITX2
module_22	PPIL3
module_22	PSAT1
module_22	PSMB6
module_22	RABIF
module_22	RBKS
module_22	RFPL3
module_22	SAP30
module_22	SCLY
module_22	SERPINB1
module_22	SLC6A16
module_22	SNAPIN
module_22	SNF8
module_22	SPI1
module_22	STAB1
module_22	SYTL1
module_22	TCEAL1
module_22	TNFRSF10A
module_22	TRIM9
module_22	UBE2A
module_22	VHL
module_22	VSTM4
module_22	ZNF69
module_23	ATF5
module_23	BAGE3
module_23	BLVRB
module_23	BNIP3
module_23	BPGM
module_23	BPIFA2
module_23	CA1
module_23	CASP14
module_23	CCDC103
module_23	CCL13
module_23	CCN2
module_23	CLNK
module_23	CLPS
module_23	CLSTN1
module_23	CNRIP1
module_23	CRH
module_23	CRYGC
module_23	CST1
module_23	CTRB1
module_23	CYB561D1
module_23	DDI2
module_23	DEFB1
module_23	DNAJB3
module_23	ENO3
module_23	EPO
module_23	EXOSC1
module_23	FABP2
module_23	FAM241A
module_23	FBXO48
module_23	FCHSD1
module_23	GIPC2
module_23	GNRH2
module_23	GRAMD1C
module_23	GRM4
module_23	HBA1|HBB
module_23	HIF1AN
module_23	HLA-DRB3
module_23	HMBS
module_23	HYKK
module_23	IFNG
module_23	IL17C
module_23	IL1R1
module_23	IRF2
module_23	KIR2DL2
module_23	KLK7
module_23	LDB2
module_23	LGALS2
module_23	LRFN3
module_23	MINPP1
module_23	MUL1
module_23	NPS
module_23	NXPH1
module_23	PITX3
module_23	PIWIL1
module_23	PKLR
module_23	PNLIPRP1
module_23	PNLIPRP2
module_23	PRR15
module_23	RAB3IL1
module_23	RFESD
module_23	ROPN1B
module_23	RRM1
module_23	SDC3
module_23	SOD3
module_23	SORT1
module_23	SPOP
module_23	STATH
module_23	TCP10L3
module_23	TFRC
module_23	TGFB3
module_23	TGM4
module_23	TMOD1
module_23	TMPRSS6
module_23	TNMD
module_23	TUFT1
module_23	UBAC1
module_23	UCMA
module_23	USF2
module_23	ZC4H2
module_23	ZNF526
module_24	ADAMTS15
module_24	AGGF1
module_24	AKR1B10
module_24	ART3
module_24	BLK
module_24	C9
module_24	CAMK4
module_24	CASP7
module_24	CEACAM4
module_24	CFB
module_24	CFH
module_24	CFHR4
module_24	CFHR5
module_24	CFI
module_24	CHEK2
module_24	CISD2
module_24	CKMT2
module_24	CLIC5
module_24	CRP
module_24	CSDC2
module_24	CSTB
module_24	CSTF1
module_24	DCP1B
module_24	DEFB4A
module_24	EEF2KMT
module_24	FABP3
module_24	FSD1
module_24	HHEX
module_24	HMGN1
module_24	HPGDS
module_24	HPX
module_24	HYOU1
module_24	IGHG1
module_24	IL1RN
module_24	IL22
module_24	IL2RA
module_24	IL9
module_24	IRAG2
module_24	ITGB2
module_24	ITSN1
module_24	KLHL12
module_24	KLHL13
module_24	MAGI2
module_24	MTFR1
module_24	MYDGF
module_24	NDUFA5
module_24	NEFH
module_24	NFKBIA
module_24	PALMD
module_24	PDLIM4
module_24	PHYHIP
module_24	PI3
module_24	POLR2F
module_24	PRL
module_24	RBP7
module_24	RELN
module_24	RIOX2
module_24	SAT2
module_24	SDSL
module_24	SH3KBP1
module_24	SIGLEC15
module_24	SNRPF
module_24	SRPK2
module_24	TAGLN3
module_24	TCF24
module_24	TEAD3
module_24	TG
module_24	TMED2
module_24	TNFRSF1A
module_24	TREM2
module_24	XYLB
module_24	ZFP91
module_25	ACP6
module_25	ATP4B
module_25	B2M
module_25	B4GALT1
module_25	B4GALT5
module_25	BICDL1
module_25	C17orf67
module_25	CALCB
module_25	CAPSL
module_25	CCDC43
module_25	CCL4L1
module_25	CKB|CKM
module_25	CKM
module_25	COMMD8
module_25	CPB2
module_25	DCP1A
module_25	DDX23
module_25	DEFB128
module_25	DHFR
module_25	DUPD1
module_25	ECRG4
module_25	EIF4EBP1
module_25	F11
module_25	F8
module_25	FAM20C
module_25	FBP2
module_25	GTSF1
module_25	HENMT1
module_25	HSPA1L
module_25	KCNAB3
module_25	KDF1
module_25	KLHL41
module_25	LAMA4
module_25	LILRB1
module_25	LRP8
module_25	MGAT4B
module_25	MYBPC1
module_25	NRP1
module_25	OCRL
module_25	OLFM1
module_25	PIR
module_25	PLCXD3
module_25	PRKAR1B
module_25	PTX3
module_25	SFXN5
module_25	SLC26A7
module_25	ST3GAL6
module_25	VAMP7
module_25	ZBTB10
